    0.489336938187163467E-77   -0.331450463724380825E+04    0.976843458511002405E+00    0.120236803964184537E+04   -0.219928412516905070E+01
    0.675867689735526718E-77   -0.331515052933240077E+04    0.973746822201461804E+00    0.163100117611007977E+04   -0.377334570110374479E+01
    0.644103005858462950E-57   -0.340715765570947542E+04    0.980936714708361190E+00    0.136294042071073272E+04   -0.432716515211515951E+01
    0.118293183273020431E-83   -0.328403384584708419E+04    0.976723908311975419E+00    0.154504127779340001E+04   -0.412592957129733051E+01
    0.999999999982719601E+00   -0.367053214954812756E+04    0.976674066628748339E+00    0.134401516951365193E+04   -0.305271099431238468E+01
    0.817004304610253448E-22   -0.356881418362575369E+04    0.979322364941209056E+00    0.129917917786044404E+04   -0.334085042239354024E+01
    0.527058257567033594E-45   -0.346201860279693301E+04    0.980213170816103041E+00    0.135457705885276232E+04   -0.368040229808200081E+01
    0.505876590725663669E-19   -0.358167099095181311E+04    0.981068289693809215E+00    0.127367615690078787E+04   -0.376300406195197290E+01
    0.339851081795137216E-58   -0.340127378325677319E+04    0.974248628804585959E+00    0.142301457486850040E+04   -0.316520189078852532E+01
    0.800367952121829304E-62   -0.338456623058309651E+04    0.971764804408548510E+00    0.136769680731718631E+04   -0.229856014555984167E+01
    0.930339846572908281E-84   -0.328355344325883379E+04    0.981396423215369351E+00    0.122082576725094350E+04   -0.388712340977953374E+01
    0.359255604546265174E-34   -0.351190892091764863E+04    0.979910239272574479E+00    0.164295474729969055E+04   -0.458644759780880396E+01
    0.131739545281301041E-82   -0.328885433740231292E+04    0.974484630130110885E+00    0.176173277805166731E+04   -0.398351476803084026E+01
    0.173695915153405400E-10   -0.362097954944290632E+04    0.975878848246065633E+00    0.168304098214697206E+04   -0.415226010172113202E+01
