# wavelength[µm] (rp/rs)^2 error
1.00000000e+01 3.88779163e-04 3.88779163e-09
9.96496085e+00 3.87694424e-04 3.87694424e-09
9.93004448e+00 3.88195478e-04 3.88195478e-09
9.89525045e+00 3.90961837e-04 3.90961837e-09
9.86057833e+00 3.87556696e-04 3.87556696e-09
9.82602770e+00 3.88593850e-04 3.88593850e-09
9.79159814e+00 3.88063778e-04 3.88063778e-09
9.75728921e+00 3.87428674e-04 3.87428674e-09
9.72310050e+00 3.88853604e-04 3.88853604e-09
9.68903159e+00 3.89495745e-04 3.89495745e-09
9.65508204e+00 3.90294594e-04 3.90294594e-09
9.62125146e+00 3.90852757e-04 3.90852757e-09
9.58753941e+00 3.89192075e-04 3.89192075e-09
9.55394549e+00 3.87867932e-04 3.87867932e-09
9.52046928e+00 3.89403015e-04 3.89403015e-09
9.48711036e+00 3.89214776e-04 3.89214776e-09
9.45386834e+00 3.90828615e-04 3.90828615e-09
9.42074279e+00 3.90076835e-04 3.90076835e-09
9.38773331e+00 3.90515466e-04 3.90515466e-09
9.35483949e+00 3.88454017e-04 3.88454017e-09
9.32206093e+00 3.90647228e-04 3.90647228e-09
9.28939722e+00 3.89375204e-04 3.89375204e-09
9.25684796e+00 3.90023959e-04 3.90023959e-09
9.22441275e+00 3.89013500e-04 3.89013500e-09
9.19209120e+00 3.90886650e-04 3.90886650e-09
9.15988289e+00 3.91457646e-04 3.91457646e-09
9.12778744e+00 3.89831951e-04 3.89831951e-09
9.09580445e+00 3.89656321e-04 3.89656321e-09
9.06393353e+00 3.90417731e-04 3.90417731e-09
9.03217428e+00 3.90430775e-04 3.90430775e-09
9.00052631e+00 3.90565042e-04 3.90565042e-09
8.96898923e+00 3.91914827e-04 3.91914827e-09
8.93756265e+00 3.91960244e-04 3.91960244e-09
8.90624619e+00 3.92601294e-04 3.92601294e-09
8.87503947e+00 3.89960359e-04 3.89960359e-09
8.84394208e+00 3.90146401e-04 3.90146401e-09
8.81295366e+00 3.92906244e-04 3.92906244e-09
8.78207382e+00 3.92962785e-04 3.92962785e-09
8.75130218e+00 3.93476686e-04 3.93476686e-09
8.72063837e+00 3.92264193e-04 3.92264193e-09
8.69008199e+00 3.90830166e-04 3.90830166e-09
8.65963268e+00 3.91212943e-04 3.91212943e-09
8.62929007e+00 3.91084917e-04 3.91084917e-09
8.59905377e+00 3.89790985e-04 3.89790985e-09
8.56892342e+00 3.92532961e-04 3.92532961e-09
8.53889864e+00 3.92141488e-04 3.92141488e-09
8.50897907e+00 3.92674133e-04 3.92674133e-09
8.47916433e+00 3.93235642e-04 3.93235642e-09
8.44945406e+00 3.93128640e-04 3.93128640e-09
8.41984789e+00 3.91937132e-04 3.91937132e-09
8.39034546e+00 3.95148399e-04 3.95148399e-09
8.36094640e+00 3.93256154e-04 3.93256154e-09
8.33165036e+00 3.95162770e-04 3.95162770e-09
8.30245696e+00 3.92272073e-04 3.92272073e-09
8.27336586e+00 3.93708850e-04 3.93708850e-09
8.24437669e+00 3.92765743e-04 3.92765743e-09
8.21548910e+00 3.94546863e-04 3.94546863e-09
8.18670272e+00 3.93164478e-04 3.93164478e-09
8.15801721e+00 3.92479389e-04 3.92479389e-09
8.12943222e+00 3.92952515e-04 3.92952515e-09
8.10094738e+00 3.93793435e-04 3.93793435e-09
8.07256235e+00 3.93830082e-04 3.93830082e-09
8.04427678e+00 3.93884805e-04 3.93884805e-09
8.01609032e+00 3.91830506e-04 3.91830506e-09
7.98800262e+00 3.94564517e-04 3.94564517e-09
7.96001334e+00 3.92930852e-04 3.92930852e-09
7.93212213e+00 3.92584033e-04 3.92584033e-09
7.90432865e+00 3.93677896e-04 3.93677896e-09
7.87663255e+00 3.93193706e-04 3.93193706e-09
7.84903350e+00 3.91810186e-04 3.91810186e-09
7.82153116e+00 3.93138619e-04 3.93138619e-09
7.79412518e+00 3.92876718e-04 3.92876718e-09
7.76681523e+00 3.93313363e-04 3.93313363e-09
7.73960097e+00 3.92900384e-04 3.92900384e-09
7.71248206e+00 3.92246944e-04 3.92246944e-09
7.68545818e+00 3.94067102e-04 3.94067102e-09
7.65852899e+00 3.93147652e-04 3.93147652e-09
7.63169416e+00 3.93591893e-04 3.93591893e-09
7.60495335e+00 3.94640290e-04 3.94640290e-09
7.57830624e+00 3.92133940e-04 3.92133940e-09
7.55175250e+00 3.89317396e-04 3.89317396e-09
7.52529180e+00 3.93650202e-04 3.93650202e-09
7.49892382e+00 3.92722357e-04 3.92722357e-09
7.47264823e+00 3.90519042e-04 3.90519042e-09
7.44646471e+00 3.91989826e-04 3.91989826e-09
7.42037293e+00 3.92977998e-04 3.92977998e-09
7.39437257e+00 3.89586301e-04 3.89586301e-09
7.36846332e+00 3.93109115e-04 3.93109115e-09
7.34264485e+00 3.92463452e-04 3.92463452e-09
7.31691685e+00 3.93091035e-04 3.93091035e-09
7.29127900e+00 3.92498042e-04 3.92498042e-09
7.26573098e+00 3.93505756e-04 3.93505756e-09
7.24027247e+00 3.93068575e-04 3.93068575e-09
7.21490318e+00 3.92849660e-04 3.92849660e-09
7.18962277e+00 3.92889533e-04 3.92889533e-09
7.16443094e+00 3.93597514e-04 3.93597514e-09
7.13932739e+00 3.93115874e-04 3.93115874e-09
7.11431179e+00 3.94751446e-04 3.94751446e-09
7.08938385e+00 3.95676874e-04 3.95676874e-09
7.06454325e+00 3.93099483e-04 3.93099483e-09
7.03978969e+00 3.93094681e-04 3.93094681e-09
7.01512287e+00 3.96395051e-04 3.96395051e-09
6.99054248e+00 3.93656977e-04 3.93656977e-09
6.96604821e+00 3.95029133e-04 3.95029133e-09
6.94163977e+00 3.95356214e-04 3.95356214e-09
6.91731685e+00 3.95461881e-04 3.95461881e-09
6.89307916e+00 3.95263308e-04 3.95263308e-09
6.86892640e+00 3.95472032e-04 3.95472032e-09
6.84485827e+00 3.95364633e-04 3.95364633e-09
6.82087447e+00 3.96408778e-04 3.96408778e-09
6.79697470e+00 3.94964961e-04 3.94964961e-09
6.77315868e+00 3.96369660e-04 3.96369660e-09
6.74942611e+00 3.95010850e-04 3.95010850e-09
6.72577670e+00 3.93155973e-04 3.93155973e-09
6.70221015e+00 3.94054705e-04 3.94054705e-09
6.67872617e+00 3.95726027e-04 3.95726027e-09
6.65532449e+00 3.93909611e-04 3.93909611e-09
6.63200480e+00 3.95914595e-04 3.95914595e-09
6.60876682e+00 3.93745417e-04 3.93745417e-09
6.58561026e+00 3.93392358e-04 3.93392358e-09
6.56253484e+00 3.93526711e-04 3.93526711e-09
6.53954028e+00 3.91836387e-04 3.91836387e-09
6.51662629e+00 3.89777405e-04 3.89777405e-09
6.49379258e+00 3.90267300e-04 3.90267300e-09
6.47103889e+00 3.90957824e-04 3.90957824e-09
6.44836492e+00 3.87315845e-04 3.87315845e-09
6.42577039e+00 3.87453206e-04 3.87453206e-09
6.40325504e+00 3.83019050e-04 3.83019050e-09
6.38081858e+00 3.86298864e-04 3.86298864e-09
6.35846074e+00 3.82508626e-04 3.82508626e-09
6.33618123e+00 3.83305129e-04 3.83305129e-09
6.31397979e+00 3.84132552e-04 3.84132552e-09
6.29185614e+00 3.83940604e-04 3.83940604e-09
6.26981002e+00 3.84780836e-04 3.84780836e-09
6.24784113e+00 3.86158744e-04 3.86158744e-09
6.22594923e+00 3.85823950e-04 3.85823950e-09
6.20413404e+00 3.83950390e-04 3.83950390e-09
6.18239528e+00 3.85753863e-04 3.85753863e-09
6.16073269e+00 3.86089999e-04 3.86089999e-09
6.13914601e+00 3.85097809e-04 3.85097809e-09
6.11763496e+00 3.87830272e-04 3.87830272e-09
6.09619929e+00 3.85745261e-04 3.85745261e-09
6.07483873e+00 3.85184547e-04 3.85184547e-09
6.05355301e+00 3.87249929e-04 3.87249929e-09
6.03234188e+00 3.88844188e-04 3.88844188e-09
6.01120506e+00 3.83991529e-04 3.83991529e-09
5.99014231e+00 3.87366783e-04 3.87366783e-09
5.96915336e+00 3.88699654e-04 3.88699654e-09
5.94823796e+00 3.87059402e-04 3.87059402e-09
5.92739584e+00 3.86194272e-04 3.86194272e-09
5.90662675e+00 3.89219039e-04 3.89219039e-09
5.88593043e+00 3.87509491e-04 3.87509491e-09
5.86530663e+00 3.88271388e-04 3.88271388e-09
5.84475510e+00 3.89170424e-04 3.89170424e-09
5.82427557e+00 3.90440867e-04 3.90440867e-09
5.80386781e+00 3.88699419e-04 3.88699419e-09
5.78353155e+00 3.90714851e-04 3.90714851e-09
5.76326654e+00 3.89993972e-04 3.89993972e-09
5.74307255e+00 3.88023463e-04 3.88023463e-09
5.72294931e+00 3.89861912e-04 3.89861912e-09
5.70289658e+00 3.86505158e-04 3.86505158e-09
5.68291412e+00 3.90213365e-04 3.90213365e-09
5.66300167e+00 3.87604629e-04 3.87604629e-09
5.64315900e+00 3.87932890e-04 3.87932890e-09
5.62338585e+00 3.89778207e-04 3.89778207e-09
5.60368198e+00 3.89397823e-04 3.89397823e-09
5.58404716e+00 3.89601775e-04 3.89601775e-09
5.56448113e+00 3.89622300e-04 3.89622300e-09
5.54498366e+00 3.89935240e-04 3.89935240e-09
5.52555451e+00 3.89361925e-04 3.89361925e-09
5.50619344e+00 3.90303808e-04 3.90303808e-09
5.48690021e+00 3.88713955e-04 3.88713955e-09
5.46767458e+00 3.89474261e-04 3.89474261e-09
5.44851631e+00 3.87964410e-04 3.87964410e-09
5.42942517e+00 3.88985200e-04 3.88985200e-09
5.41040093e+00 3.91188322e-04 3.91188322e-09
5.39144335e+00 3.89014763e-04 3.89014763e-09
5.37255219e+00 3.86182377e-04 3.86182377e-09
5.35372722e+00 3.89563145e-04 3.89563145e-09
5.33496822e+00 3.88456663e-04 3.88456663e-09
5.31627494e+00 3.90106267e-04 3.90106267e-09
5.29764717e+00 3.88538864e-04 3.88538864e-09
5.27908466e+00 3.88984423e-04 3.88984423e-09
5.26058720e+00 3.88651613e-04 3.88651613e-09
5.24215455e+00 3.89340360e-04 3.89340360e-09
5.22378649e+00 3.89089204e-04 3.89089204e-09
5.20548278e+00 3.89718479e-04 3.89718479e-09
5.18724321e+00 3.86484856e-04 3.86484856e-09
5.16906756e+00 3.88165042e-04 3.88165042e-09
5.15095558e+00 3.85380588e-04 3.85380588e-09
5.13290707e+00 3.85276325e-04 3.85276325e-09
5.11492180e+00 3.89157012e-04 3.89157012e-09
5.09699955e+00 3.85900728e-04 3.85900728e-09
5.07914010e+00 3.85962877e-04 3.85962877e-09
5.06134323e+00 3.86557516e-04 3.86557516e-09
5.04360871e+00 3.82526997e-04 3.82526997e-09
5.02593633e+00 3.87571985e-04 3.87571985e-09
5.00832588e+00 3.84817511e-04 3.84817511e-09
4.99077713e+00 3.86342529e-04 3.86342529e-09
4.97328988e+00 3.85069733e-04 3.85069733e-09
4.95586389e+00 3.85655530e-04 3.85655530e-09
4.93849897e+00 3.86736345e-04 3.86736345e-09
4.92119489e+00 3.83886135e-04 3.83886135e-09
4.90395144e+00 3.85768251e-04 3.85768251e-09
4.88676841e+00 3.82238348e-04 3.82238348e-09
4.86964559e+00 3.85466674e-04 3.85466674e-09
4.85258277e+00 3.82523334e-04 3.82523334e-09
4.83557973e+00 3.85881649e-04 3.85881649e-09
4.81863627e+00 3.86459336e-04 3.86459336e-09
4.80175218e+00 3.83085819e-04 3.83085819e-09
4.78492725e+00 3.85527480e-04 3.85527480e-09
4.76816127e+00 3.84451900e-04 3.84451900e-09
4.75145404e+00 3.84822279e-04 3.84822279e-09
4.73480535e+00 3.84075210e-04 3.84075210e-09
4.71821499e+00 3.82929544e-04 3.82929544e-09
4.70168277e+00 3.84914217e-04 3.84914217e-09
4.68520847e+00 3.82662340e-04 3.82662340e-09
4.66879190e+00 3.83251502e-04 3.83251502e-09
4.65243285e+00 3.84245322e-04 3.84245322e-09
4.63613112e+00 3.83934832e-04 3.83934832e-09
4.61988651e+00 3.85265303e-04 3.85265303e-09
4.60369882e+00 3.82285268e-04 3.82285268e-09
4.58756786e+00 3.79869226e-04 3.79869226e-09
4.57149341e+00 3.83031841e-04 3.83031841e-09
4.55547528e+00 3.82221711e-04 3.82221711e-09
4.53951329e+00 3.81578280e-04 3.81578280e-09
4.52360722e+00 3.82002193e-04 3.82002193e-09
4.50775688e+00 3.83125457e-04 3.83125457e-09
4.49196209e+00 3.82734128e-04 3.82734128e-09
4.47622264e+00 3.84966515e-04 3.84966515e-09
4.46053833e+00 3.82526620e-04 3.82526620e-09
4.44490899e+00 3.83902543e-04 3.83902543e-09
4.42933440e+00 3.84935472e-04 3.84935472e-09
4.41381439e+00 3.82165220e-04 3.82165220e-09
4.39834876e+00 3.83196288e-04 3.83196288e-09
4.38293732e+00 3.83190313e-04 3.83190313e-09
4.36757988e+00 3.82840828e-04 3.82840828e-09
4.35227625e+00 3.82109421e-04 3.82109421e-09
4.33702625e+00 3.81830641e-04 3.81830641e-09
4.32182968e+00 3.82113755e-04 3.82113755e-09
4.30668636e+00 3.83073358e-04 3.83073358e-09
4.29159609e+00 3.82325409e-04 3.82325409e-09
4.27655871e+00 3.81084113e-04 3.81084113e-09
4.26157401e+00 3.80361490e-04 3.80361490e-09
4.24664182e+00 3.82152484e-04 3.82152484e-09
4.23176194e+00 3.77918286e-04 3.77918286e-09
4.21693421e+00 3.80783387e-04 3.80783387e-09
4.20215843e+00 3.76422518e-04 3.76422518e-09
4.18743443e+00 3.75836869e-04 3.75836869e-09
4.17276201e+00 3.76050705e-04 3.76050705e-09
4.15814101e+00 3.75583964e-04 3.75583964e-09
4.14357124e+00 3.72559911e-04 3.72559911e-09
4.12905252e+00 3.73152260e-04 3.73152260e-09
4.11458467e+00 3.73857881e-04 3.73857881e-09
4.10016751e+00 3.72313543e-04 3.72313543e-09
4.08580088e+00 3.75014681e-04 3.75014681e-09
4.07148458e+00 3.71296178e-04 3.71296178e-09
4.05721844e+00 3.71214622e-04 3.71214622e-09
4.04300229e+00 3.69904191e-04 3.69904191e-09
4.02883596e+00 3.69559788e-04 3.69559788e-09
4.01471926e+00 3.69142753e-04 3.69142753e-09
4.00065202e+00 3.68726882e-04 3.68726882e-09
3.98663408e+00 3.68459565e-04 3.68459565e-09
3.97266525e+00 3.68975698e-04 3.68975698e-09
3.95874537e+00 3.66126702e-04 3.66126702e-09
3.94487427e+00 3.67794290e-04 3.67794290e-09
3.93105176e+00 3.65593654e-04 3.65593654e-09
3.91727769e+00 3.67563290e-04 3.67563290e-09
3.90355188e+00 3.64846408e-04 3.64846408e-09
3.88987417e+00 3.67134523e-04 3.67134523e-09
3.87624438e+00 3.66850251e-04 3.66850251e-09
3.86266235e+00 3.66980663e-04 3.66980663e-09
3.84912791e+00 3.68544802e-04 3.68544802e-09
3.83564090e+00 3.68090717e-04 3.68090717e-09
3.82220114e+00 3.68367380e-04 3.68367380e-09
3.80880847e+00 3.67058692e-04 3.67058692e-09
3.79546273e+00 3.68187951e-04 3.68187951e-09
3.78216375e+00 3.68156874e-04 3.68156874e-09
3.76891137e+00 3.71270082e-04 3.71270082e-09
3.75570543e+00 3.68432942e-04 3.68432942e-09
3.74254575e+00 3.70344716e-04 3.70344716e-09
3.72943219e+00 3.71515509e-04 3.71515509e-09
3.71636458e+00 3.70835915e-04 3.70835915e-09
3.70334275e+00 3.73433595e-04 3.73433595e-09
3.69036656e+00 3.73520581e-04 3.73520581e-09
3.67743583e+00 3.74807839e-04 3.74807839e-09
3.66455040e+00 3.74722789e-04 3.74722789e-09
3.65171013e+00 3.74858284e-04 3.74858284e-09
3.63891485e+00 3.76118108e-04 3.76118108e-09
3.62616440e+00 3.74977459e-04 3.74977459e-09
3.61345863e+00 3.76640621e-04 3.76640621e-09
3.60079738e+00 3.76636460e-04 3.76636460e-09
3.58818049e+00 3.74896122e-04 3.74896122e-09
3.57560781e+00 3.74908132e-04 3.74908132e-09
3.56307919e+00 3.76773434e-04 3.76773434e-09
3.55059446e+00 3.78136632e-04 3.78136632e-09
3.53815348e+00 3.76703168e-04 3.76703168e-09
3.52575609e+00 3.78880963e-04 3.78880963e-09
3.51340214e+00 3.77399053e-04 3.77399053e-09
3.50109148e+00 3.79117686e-04 3.79117686e-09
3.48882395e+00 3.79367971e-04 3.79367971e-09
3.47659941e+00 3.80015982e-04 3.80015982e-09
3.46441770e+00 3.79394984e-04 3.79394984e-09
3.45227868e+00 3.79944360e-04 3.79944360e-09
3.44018219e+00 3.80681786e-04 3.80681786e-09
3.42812808e+00 3.80505772e-04 3.80505772e-09
3.41611621e+00 3.82120436e-04 3.82120436e-09
3.40414643e+00 3.81571145e-04 3.81571145e-09
3.39221859e+00 3.81733540e-04 3.81733540e-09
3.38033255e+00 3.83107229e-04 3.83107229e-09
3.36848815e+00 3.81605274e-04 3.81605274e-09
3.35668526e+00 3.83917376e-04 3.83917376e-09
3.34492372e+00 3.85423554e-04 3.85423554e-09
3.33320339e+00 3.83196551e-04 3.83196551e-09
3.32152413e+00 3.84949185e-04 3.84949185e-09
3.30988579e+00 3.86827017e-04 3.86827017e-09
3.29828823e+00 3.86051426e-04 3.86051426e-09
3.28673131e+00 3.84264370e-04 3.84264370e-09
3.27521488e+00 3.86587059e-04 3.86587059e-09
3.26373881e+00 3.84814994e-04 3.84814994e-09
3.25230295e+00 3.85851590e-04 3.85851590e-09
3.24090715e+00 3.87707491e-04 3.87707491e-09
3.22955129e+00 3.85736144e-04 3.85736144e-09
3.21823522e+00 3.86443542e-04 3.86443542e-09
3.20695880e+00 3.88176858e-04 3.88176858e-09
3.19572188e+00 3.89378095e-04 3.89378095e-09
3.18452435e+00 3.89232879e-04 3.89232879e-09
3.17336604e+00 3.88412561e-04 3.88412561e-09
3.16224684e+00 3.87937691e-04 3.87937691e-09
3.15116660e+00 3.89875229e-04 3.89875229e-09
3.14012518e+00 3.88503548e-04 3.88503548e-09
3.12912245e+00 3.89341411e-04 3.89341411e-09
3.11815827e+00 3.90097219e-04 3.90097219e-09
3.10723251e+00 3.89777157e-04 3.89777157e-09
3.09634503e+00 3.90874783e-04 3.90874783e-09
3.08549570e+00 3.88908916e-04 3.88908916e-09
3.07468438e+00 3.90206620e-04 3.90206620e-09
3.06391095e+00 3.89694879e-04 3.89694879e-09
3.05317527e+00 3.91764080e-04 3.91764080e-09
3.04247720e+00 3.90969778e-04 3.90969778e-09
3.03181662e+00 3.92094544e-04 3.92094544e-09
3.02119339e+00 3.92424573e-04 3.92424573e-09
3.01060739e+00 3.93367546e-04 3.93367546e-09
3.00005848e+00 3.90057602e-04 3.90057602e-09
2.98954653e+00 3.93180388e-04 3.93180388e-09
2.97907141e+00 3.91144539e-04 3.91144539e-09
2.96863300e+00 3.91768111e-04 3.91768111e-09
2.95823116e+00 3.91097251e-04 3.91097251e-09
2.94786577e+00 3.92134897e-04 3.92134897e-09
2.93753670e+00 3.90951409e-04 3.90951409e-09
2.92724382e+00 3.91217862e-04 3.91217862e-09
2.91698701e+00 3.90323519e-04 3.90323519e-09
2.90676613e+00 3.92362723e-04 3.92362723e-09
2.89658107e+00 3.89733419e-04 3.89733419e-09
2.88643170e+00 3.90042051e-04 3.90042051e-09
2.87631789e+00 3.88044145e-04 3.88044145e-09
2.86623952e+00 3.88974286e-04 3.88974286e-09
2.85619646e+00 3.91969913e-04 3.91969913e-09
2.84618859e+00 3.91256730e-04 3.91256730e-09
2.83621578e+00 3.90881734e-04 3.90881734e-09
2.82627793e+00 3.91231371e-04 3.91231371e-09
2.81637489e+00 3.92550173e-04 3.92550173e-09
2.80650655e+00 3.91500068e-04 3.91500068e-09
2.79667279e+00 3.89929283e-04 3.89929283e-09
2.78687349e+00 3.89093361e-04 3.89093361e-09
2.77710852e+00 3.89016628e-04 3.89016628e-09
2.76737777e+00 3.93396890e-04 3.93396890e-09
2.75768111e+00 3.88391878e-04 3.88391878e-09
2.74801843e+00 3.91362748e-04 3.91362748e-09
2.73838961e+00 3.88354861e-04 3.88354861e-09
2.72879453e+00 3.88542740e-04 3.88542740e-09
2.71923306e+00 3.87092970e-04 3.87092970e-09
2.70970510e+00 3.87127757e-04 3.87127757e-09
2.70021052e+00 3.86296053e-04 3.86296053e-09
2.69074922e+00 3.86653519e-04 3.86653519e-09
2.68132106e+00 3.87478697e-04 3.87478697e-09
2.67192594e+00 3.84663591e-04 3.84663591e-09
2.66256374e+00 3.84664053e-04 3.84664053e-09
2.65323434e+00 3.85939465e-04 3.85939465e-09
2.64393763e+00 3.88855975e-04 3.88855975e-09
2.63467350e+00 3.86894748e-04 3.86894748e-09
2.62544183e+00 3.86942054e-04 3.86942054e-09
2.61624251e+00 3.89385492e-04 3.89385492e-09
2.60707541e+00 3.88123630e-04 3.88123630e-09
2.59794044e+00 3.88138647e-04 3.88138647e-09
2.58883748e+00 3.86924237e-04 3.86924237e-09
2.57976642e+00 3.88184973e-04 3.88184973e-09
2.57072713e+00 3.88086065e-04 3.88086065e-09
2.56171953e+00 3.88823859e-04 3.88823859e-09
2.55274348e+00 3.86184954e-04 3.86184954e-09
2.54379888e+00 3.86420803e-04 3.86420803e-09
2.53488563e+00 3.85963905e-04 3.85963905e-09
2.52600360e+00 3.88554980e-04 3.88554980e-09
2.51715270e+00 3.87013290e-04 3.87013290e-09
2.50833281e+00 3.87495744e-04 3.87495744e-09
2.49954383e+00 3.85032958e-04 3.85032958e-09
2.49078564e+00 3.86440698e-04 3.86440698e-09
2.48205814e+00 3.85970886e-04 3.85970886e-09
2.47336122e+00 3.85585668e-04 3.85585668e-09
2.46469477e+00 3.82600191e-04 3.82600191e-09
2.45605869e+00 3.82593635e-04 3.82593635e-09
2.44745287e+00 3.81095879e-04 3.81095879e-09
2.43887720e+00 3.78032617e-04 3.78032617e-09
2.43033159e+00 3.80812275e-04 3.80812275e-09
2.42181591e+00 3.75298198e-04 3.75298198e-09
2.41333007e+00 3.79174321e-04 3.79174321e-09
2.40487397e+00 3.74125580e-04 3.74125580e-09
2.39644750e+00 3.76642132e-04 3.76642132e-09
2.38805055e+00 3.73985408e-04 3.73985408e-09
2.37968302e+00 3.73736429e-04 3.73736429e-09
2.37134482e+00 3.69528636e-04 3.69528636e-09
2.36303583e+00 3.70581867e-04 3.70581867e-09
2.35475595e+00 3.75429155e-04 3.75429155e-09
2.34650509e+00 3.66376838e-04 3.66376838e-09
2.33828313e+00 3.67444414e-04 3.67444414e-09
2.33008999e+00 3.67450946e-04 3.67450946e-09
2.32192555e+00 3.66958949e-04 3.66958949e-09
2.31378972e+00 3.65438058e-04 3.65438058e-09
2.30568240e+00 3.64172748e-04 3.64172748e-09
2.29760348e+00 3.68863465e-04 3.68863465e-09
2.28955288e+00 3.62696255e-04 3.62696255e-09
2.28153048e+00 3.63822997e-04 3.63822997e-09
2.27353619e+00 3.62413510e-04 3.62413510e-09
2.26556991e+00 3.61801432e-04 3.61801432e-09
2.25763155e+00 3.63188021e-04 3.63188021e-09
2.24972100e+00 3.63552096e-04 3.63552096e-09
2.24183817e+00 3.63286303e-04 3.63286303e-09
2.23398296e+00 3.64607590e-04 3.64607590e-09
2.22615527e+00 3.64134904e-04 3.64134904e-09
2.21835501e+00 3.66033121e-04 3.66033121e-09
2.21058209e+00 3.64598135e-04 3.64598135e-09
2.20283639e+00 3.66507213e-04 3.66507213e-09
2.19511784e+00 3.65616205e-04 3.65616205e-09
2.18742634e+00 3.66953197e-04 3.66953197e-09
2.17976178e+00 3.67560390e-04 3.67560390e-09
2.17212408e+00 3.67879764e-04 3.67879764e-09
2.16451314e+00 3.69582008e-04 3.69582008e-09
2.15692887e+00 3.69603309e-04 3.69603309e-09
2.14937118e+00 3.72112806e-04 3.72112806e-09
2.14183996e+00 3.71390233e-04 3.71390233e-09
2.13433514e+00 3.71535001e-04 3.71535001e-09
2.12685661e+00 3.73228629e-04 3.73228629e-09
2.11940429e+00 3.73767864e-04 3.73767864e-09
2.11197807e+00 3.73965211e-04 3.73965211e-09
2.10457788e+00 3.73521686e-04 3.73521686e-09
2.09720362e+00 3.75970380e-04 3.75970380e-09
2.08985520e+00 3.76507804e-04 3.76507804e-09
2.08253252e+00 3.75516836e-04 3.75516836e-09
2.07523551e+00 3.77765370e-04 3.77765370e-09
2.06796406e+00 3.76682456e-04 3.76682456e-09
2.06071809e+00 3.78849713e-04 3.78849713e-09
2.05349751e+00 3.78798939e-04 3.78798939e-09
2.04630223e+00 3.76672649e-04 3.76672649e-09
2.03913216e+00 3.80289976e-04 3.80289976e-09
2.03198721e+00 3.79142814e-04 3.79142814e-09
2.02486730e+00 3.78184131e-04 3.78184131e-09
2.01777234e+00 3.77478772e-04 3.77478772e-09
2.01070224e+00 3.81787344e-04 3.81787344e-09
2.00365691e+00 3.78918263e-04 3.78918263e-09
1.99663626e+00 3.79675692e-04 3.79675692e-09
1.98964022e+00 3.76058156e-04 3.76058156e-09
1.98266869e+00 3.82279090e-04 3.82279090e-09
1.97572159e+00 3.77961789e-04 3.77961789e-09
1.96879883e+00 3.77169225e-04 3.77169225e-09
1.96190033e+00 3.76561590e-04 3.76561590e-09
1.95502599e+00 3.79397026e-04 3.79397026e-09
1.94817575e+00 3.79218183e-04 3.79218183e-09
1.94134951e+00 3.77232949e-04 3.77232949e-09
1.93454718e+00 3.77403489e-04 3.77403489e-09
1.92776869e+00 3.77855798e-04 3.77855798e-09
1.92101396e+00 3.77828106e-04 3.77828106e-09
1.91428289e+00 3.77489160e-04 3.77489160e-09
1.90757540e+00 3.77817454e-04 3.77817454e-09
1.90089142e+00 3.78458522e-04 3.78458522e-09
1.89423086e+00 3.77661542e-04 3.77661542e-09
1.88759364e+00 3.81487304e-04 3.81487304e-09
1.88097967e+00 3.82374986e-04 3.82374986e-09
1.87438888e+00 3.80440341e-04 3.80440341e-09
1.86782118e+00 3.80239351e-04 3.80239351e-09
1.86127649e+00 3.83332064e-04 3.83332064e-09
1.85475474e+00 3.79795373e-04 3.79795373e-09
1.84825583e+00 3.80161044e-04 3.80161044e-09
1.84177970e+00 3.81374139e-04 3.81374139e-09
1.83532626e+00 3.79545436e-04 3.79545436e-09
1.82889544e+00 3.73716785e-04 3.73716785e-09
1.82248714e+00 3.78408589e-04 3.78408589e-09
1.81610130e+00 3.75702136e-04 3.75702136e-09
1.80973784e+00 3.77200727e-04 3.77200727e-09
1.80339667e+00 3.77578967e-04 3.77578967e-09
1.79707772e+00 3.76505069e-04 3.76505069e-09
1.79078091e+00 3.73944290e-04 3.73944290e-09
1.78450617e+00 3.74997350e-04 3.74997350e-09
1.77825341e+00 3.73845546e-04 3.73845546e-09
1.77202256e+00 3.72181303e-04 3.72181303e-09
1.76581355e+00 3.69328061e-04 3.69328061e-09
1.75962629e+00 3.69918976e-04 3.69918976e-09
1.75346071e+00 3.69376759e-04 3.69376759e-09
1.74731673e+00 3.66512334e-04 3.66512334e-09
1.74119428e+00 3.65154919e-04 3.65154919e-09
1.73509328e+00 3.65583772e-04 3.65583772e-09
1.72901367e+00 3.67668839e-04 3.67668839e-09
1.72295535e+00 3.63955892e-04 3.63955892e-09
1.71691826e+00 3.64571587e-04 3.64571587e-09
1.71090232e+00 3.60718431e-04 3.60718431e-09
1.70490747e+00 3.59023754e-04 3.59023754e-09
1.69893362e+00 3.59340236e-04 3.59340236e-09
1.69298070e+00 3.57764844e-04 3.57764844e-09
1.68704864e+00 3.57887795e-04 3.57887795e-09
1.68113736e+00 3.57009524e-04 3.57009524e-09
1.67524680e+00 3.57716991e-04 3.57716991e-09
1.66937688e+00 3.59097453e-04 3.59097453e-09
1.66352752e+00 3.59213716e-04 3.59213716e-09
1.65769867e+00 3.60155812e-04 3.60155812e-09
1.65189023e+00 3.60862984e-04 3.60862984e-09
1.64610215e+00 3.60581357e-04 3.60581357e-09
1.64033435e+00 3.62023960e-04 3.62023960e-09
1.63458675e+00 3.62114535e-04 3.62114535e-09
1.62885930e+00 3.62925904e-04 3.62925904e-09
1.62315192e+00 3.63152221e-04 3.63152221e-09
1.61746453e+00 3.64925503e-04 3.64925503e-09
1.61179707e+00 3.66235819e-04 3.66235819e-09
1.60614947e+00 3.65214190e-04 3.65214190e-09
1.60052166e+00 3.66301277e-04 3.66301277e-09
1.59491357e+00 3.66391423e-04 3.66391423e-09
1.58932513e+00 3.67597128e-04 3.67597128e-09
1.58375627e+00 3.68954585e-04 3.68954585e-09
1.57820692e+00 3.68968317e-04 3.68968317e-09
1.57267702e+00 3.68756161e-04 3.68756161e-09
1.56716649e+00 3.70366574e-04 3.70366574e-09
1.56167528e+00 3.71266503e-04 3.71266503e-09
1.55620330e+00 3.72898109e-04 3.72898109e-09
1.55075049e+00 3.72613626e-04 3.72613626e-09
1.54531680e+00 3.73064740e-04 3.73064740e-09
1.53990214e+00 3.71879429e-04 3.71879429e-09
1.53450645e+00 3.74580964e-04 3.74580964e-09
1.52912967e+00 3.73170856e-04 3.73170856e-09
1.52377173e+00 3.73738343e-04 3.73738343e-09
1.51843257e+00 3.74641095e-04 3.74641095e-09
1.51311211e+00 3.73777380e-04 3.73777380e-09
1.50781029e+00 3.74323454e-04 3.74323454e-09
1.50252705e+00 3.76631042e-04 3.76631042e-09
1.49726232e+00 3.76112155e-04 3.76112155e-09
1.49201605e+00 3.76364814e-04 3.76364814e-09
1.48678815e+00 3.75653926e-04 3.75653926e-09
1.48157857e+00 3.77005571e-04 3.77005571e-09
1.47638724e+00 3.77586490e-04 3.77586490e-09
1.47121411e+00 3.77232773e-04 3.77232773e-09
1.46605910e+00 3.75841478e-04 3.75841478e-09
1.46092215e+00 3.75537397e-04 3.75537397e-09
1.45580321e+00 3.78105112e-04 3.78105112e-09
1.45070220e+00 3.77739754e-04 3.77739754e-09
1.44561906e+00 3.77528197e-04 3.77528197e-09
1.44055373e+00 3.75790216e-04 3.75790216e-09
1.43550615e+00 3.77785036e-04 3.77785036e-09
1.43047626e+00 3.77976971e-04 3.77976971e-09
1.42546400e+00 3.78540848e-04 3.78540848e-09
1.42046929e+00 3.78809104e-04 3.78809104e-09
1.41549209e+00 3.76656113e-04 3.76656113e-09
1.41053232e+00 3.76664878e-04 3.76664878e-09
1.40558994e+00 3.76998513e-04 3.76998513e-09
1.40066487e+00 3.77038416e-04 3.77038416e-09
1.39575706e+00 3.75850940e-04 3.75850940e-09
1.39086645e+00 3.74320958e-04 3.74320958e-09
1.38599297e+00 3.73603494e-04 3.73603494e-09
1.38113657e+00 3.74334638e-04 3.74334638e-09
1.37629718e+00 3.73090070e-04 3.73090070e-09
1.37147476e+00 3.75925002e-04 3.75925002e-09
1.36666922e+00 3.76816549e-04 3.76816549e-09
1.36188053e+00 3.75269393e-04 3.75269393e-09
1.35710862e+00 3.72563963e-04 3.72563963e-09
1.35235343e+00 3.74654089e-04 3.74654089e-09
1.34761489e+00 3.68883298e-04 3.68883298e-09
1.34289297e+00 3.73780084e-04 3.73780084e-09
1.33818758e+00 3.70443399e-04 3.70443399e-09
1.33349869e+00 3.68311890e-04 3.68311890e-09
1.32882622e+00 3.56116485e-04 3.56116485e-09
1.32417013e+00 3.53946102e-04 3.53946102e-09
1.31953035e+00 3.52330396e-04 3.52330396e-09
1.31490683e+00 3.51515456e-04 3.51515456e-09
1.31029951e+00 3.52067763e-04 3.52067763e-09
1.30570833e+00 3.50210055e-04 3.50210055e-09
1.30113324e+00 3.48562807e-04 3.48562807e-09
1.29657418e+00 3.48578071e-04 3.48578071e-09
1.29203109e+00 3.48844822e-04 3.48844822e-09
1.28750392e+00 3.48804475e-04 3.48804475e-09
1.28299262e+00 3.48072884e-04 3.48072884e-09
1.27849712e+00 3.49301620e-04 3.49301620e-09
1.27401738e+00 3.49578015e-04 3.49578015e-09
1.26955333e+00 3.51161081e-04 3.51161081e-09
1.26510492e+00 3.51236841e-04 3.51236841e-09
1.26067210e+00 3.50145541e-04 3.50145541e-09
1.25625481e+00 3.50054811e-04 3.50054811e-09
1.25185300e+00 3.49614219e-04 3.49614219e-09
1.24746662e+00 3.50978438e-04 3.50978438e-09
1.24309560e+00 3.51062908e-04 3.51062908e-09
1.23873990e+00 3.52151395e-04 3.52151395e-09
1.23439946e+00 3.53354860e-04 3.53354860e-09
1.23007423e+00 3.53168581e-04 3.53168581e-09
1.22576416e+00 3.52678860e-04 3.52678860e-09
1.22146918e+00 3.52977512e-04 3.52977512e-09
1.21718926e+00 3.53859146e-04 3.53859146e-09
1.21292433e+00 3.54909271e-04 3.54909271e-09
1.20867435e+00 3.54395699e-04 3.54395699e-09
1.20443925e+00 3.54942442e-04 3.54942442e-09
1.20021900e+00 3.55388903e-04 3.55388903e-09
1.19601354e+00 3.56471190e-04 3.56471190e-09
1.19182281e+00 3.57103637e-04 3.57103637e-09
1.18764676e+00 3.56040037e-04 3.56040037e-09
1.18348535e+00 3.56468750e-04 3.56468750e-09
1.17933852e+00 3.57675850e-04 3.57675850e-09
1.17520621e+00 3.59549456e-04 3.59549456e-09
1.17108839e+00 3.57403319e-04 3.57403319e-09
1.16698500e+00 3.57765824e-04 3.57765824e-09
1.16289598e+00 3.56919201e-04 3.56919201e-09
1.15882129e+00 3.57655782e-04 3.57655782e-09
1.15476088e+00 3.57712842e-04 3.57712842e-09
1.15071470e+00 3.55532892e-04 3.55532892e-09
1.14668269e+00 3.55677560e-04 3.55677560e-09
1.14266481e+00 3.58600112e-04 3.58600112e-09
1.13866101e+00 3.54875935e-04 3.54875935e-09
1.13467124e+00 3.59521822e-04 3.59521822e-09
1.13069545e+00 3.54862732e-04 3.54862732e-09
1.12673359e+00 3.51303508e-04 3.51303508e-09
1.12278561e+00 3.52532067e-04 3.52532067e-09
1.11885147e+00 3.52216791e-04 3.52216791e-09
1.11493111e+00 3.52120924e-04 3.52120924e-09
1.11102448e+00 3.54555165e-04 3.54555165e-09
1.10713155e+00 3.50154788e-04 3.50154788e-09
1.10325225e+00 3.48966522e-04 3.48966522e-09
1.09938655e+00 3.49355477e-04 3.49355477e-09
1.09553439e+00 3.47600502e-04 3.47600502e-09
1.09169573e+00 3.46687854e-04 3.46687854e-09
1.08787053e+00 3.40957458e-04 3.40957458e-09
1.08405872e+00 3.37779444e-04 3.37779444e-09
1.08026027e+00 3.36647728e-04 3.36647728e-09
1.07647513e+00 3.37988893e-04 3.37988893e-09
1.07270325e+00 3.37111645e-04 3.37111645e-09
1.06894459e+00 3.36652946e-04 3.36652946e-09
1.06519910e+00 3.37091596e-04 3.37091596e-09
1.06146673e+00 3.37710384e-04 3.37710384e-09
1.05774745e+00 3.39278768e-04 3.39278768e-09
1.05404119e+00 3.39048975e-04 3.39048975e-09
1.05034792e+00 3.38585315e-04 3.38585315e-09
1.04666759e+00 3.39684818e-04 3.39684818e-09
1.04300015e+00 3.40250464e-04 3.40250464e-09
1.03934557e+00 3.41620803e-04 3.41620803e-09
1.03570379e+00 3.40341063e-04 3.40341063e-09
1.03207477e+00 3.42325652e-04 3.42325652e-09
1.02845847e+00 3.42842976e-04 3.42842976e-09
1.02485484e+00 3.44528525e-04 3.44528525e-09
1.02126384e+00 3.45344726e-04 3.45344726e-09
1.01768541e+00 3.43462008e-04 3.43462008e-09
1.01411953e+00 3.43308078e-04 3.43308078e-09
1.01056614e+00 3.43117984e-04 3.43117984e-09
1.00702521e+00 3.43957323e-04 3.43957323e-09
1.00349667e+00 3.44610141e-04 3.44610141e-09
9.99980508e-01 3.45709045e-04 3.45709045e-09
9.96476661e-01 3.45406102e-04 3.45406102e-09
9.92985092e-01 3.46066344e-04 3.46066344e-09
9.89505757e-01 3.46413615e-04 3.46413615e-09
9.86038613e-01 3.47558461e-04 3.47558461e-09
9.82583617e-01 3.49204641e-04 3.49204641e-09
9.79140728e-01 3.48052266e-04 3.48052266e-09
9.75709902e-01 3.46968389e-04 3.46968389e-09
9.72291098e-01 3.47988673e-04 3.47988673e-09
9.68884273e-01 3.45499079e-04 3.45499079e-09
9.65489385e-01 3.46353902e-04 3.46353902e-09
9.62106392e-01 3.44172823e-04 3.44172823e-09
9.58735253e-01 3.44828205e-04 3.44828205e-09
9.55375926e-01 3.44326085e-04 3.44326085e-09
9.52028370e-01 3.44275310e-04 3.44275310e-09
9.48692544e-01 3.44509840e-04 3.44509840e-09
9.45368406e-01 3.43974545e-04 3.43974545e-09
9.42055916e-01 3.46338552e-04 3.46338552e-09
9.38755032e-01 3.45021267e-04 3.45021267e-09
9.35465714e-01 3.45927352e-04 3.45927352e-09
9.32187922e-01 3.46781770e-04 3.46781770e-09
9.28921615e-01 3.48340238e-04 3.48340238e-09
9.25666753e-01 3.36895531e-04 3.36895531e-09
9.22423295e-01 3.31309650e-04 3.31309650e-09
9.19191202e-01 3.34544319e-04 3.34544319e-09
9.15970435e-01 3.32173269e-04 3.32173269e-09
9.12760952e-01 3.30427658e-04 3.30427658e-09
9.09562716e-01 3.27679706e-04 3.27679706e-09
9.06375685e-01 3.28618363e-04 3.28618363e-09
9.03199822e-01 3.28402054e-04 3.28402054e-09
9.00035087e-01 3.30449512e-04 3.30449512e-09
8.96881440e-01 3.29941115e-04 3.29941115e-09
8.93738844e-01 3.31258196e-04 3.31258196e-09
8.90607259e-01 3.28912835e-04 3.28912835e-09
8.87486647e-01 3.26745151e-04 3.26745151e-09
8.84376970e-01 3.25189105e-04 3.25189105e-09
8.81278188e-01 3.25256467e-04 3.25256467e-09
8.78190264e-01 3.25395207e-04 3.25395207e-09
8.75113160e-01 3.25272934e-04 3.25272934e-09
8.72046838e-01 3.25721732e-04 3.25721732e-09
8.68991260e-01 3.26258061e-04 3.26258061e-09
8.65946389e-01 3.26390089e-04 3.26390089e-09
8.62912187e-01 3.25874774e-04 3.25874774e-09
8.59888616e-01 3.26915382e-04 3.26915382e-09
8.56875639e-01 3.27012385e-04 3.27012385e-09
8.53873220e-01 3.26941964e-04 3.26941964e-09
8.50881321e-01 3.27134735e-04 3.27134735e-09
8.47899905e-01 3.28223230e-04 3.28223230e-09
8.44928936e-01 3.27781732e-04 3.27781732e-09
8.41968377e-01 3.27859686e-04 3.27859686e-09
8.39018191e-01 3.26081291e-04 3.26081291e-09
8.36078343e-01 3.27261905e-04 3.27261905e-09
8.33148796e-01 3.26041379e-04 3.26041379e-09
8.30229513e-01 3.26149682e-04 3.26149682e-09
8.27320460e-01 3.25469175e-04 3.25469175e-09
8.24421599e-01 3.26359923e-04 3.26359923e-09
8.21532896e-01 3.25038598e-04 3.25038598e-09
8.18654315e-01 3.25736427e-04 3.25736427e-09
8.15785820e-01 3.24076510e-04 3.24076510e-09
8.12927376e-01 3.27295490e-04 3.27295490e-09
8.10078947e-01 3.26022037e-04 3.26022037e-09
8.07240500e-01 3.20817153e-04 3.20817153e-09
8.04411998e-01 3.18869712e-04 3.18869712e-09
8.01593407e-01 3.18421506e-04 3.18421506e-09
7.98784691e-01 3.18469204e-04 3.18469204e-09
7.95985818e-01 3.17382036e-04 3.17382036e-09
7.93196751e-01 3.18188918e-04 3.18188918e-09
7.90417457e-01 3.19561070e-04 3.19561070e-09
7.87647902e-01 3.17721899e-04 3.17721899e-09
7.84888051e-01 3.17707032e-04 3.17707032e-09
7.82137870e-01 3.18173968e-04 3.18173968e-09
7.79397325e-01 3.17263039e-04 3.17263039e-09
7.76666383e-01 3.17396332e-04 3.17396332e-09
7.73945011e-01 3.18355118e-04 3.18355118e-09
7.71233173e-01 3.17058747e-04 3.17058747e-09
7.68530838e-01 3.17659546e-04 3.17659546e-09
7.65837971e-01 3.18891339e-04 3.18891339e-09
7.63154540e-01 3.19499634e-04 3.19499634e-09
7.60480511e-01 3.20082108e-04 3.20082108e-09
7.57815853e-01 3.21203161e-04 3.21203161e-09
7.55160530e-01 3.21019097e-04 3.21019097e-09
7.52514512e-01 3.21822347e-04 3.21822347e-09
7.49877765e-01 3.20886787e-04 3.20886787e-09
7.47250257e-01 3.20485509e-04 3.20485509e-09
7.44631956e-01 3.19108730e-04 3.19108730e-09
7.42022829e-01 3.17812672e-04 3.17812672e-09
7.39422844e-01 3.18514444e-04 3.18514444e-09
7.36831970e-01 3.18859861e-04 3.18859861e-09
7.34250173e-01 3.18347312e-04 3.18347312e-09
7.31677423e-01 3.19617370e-04 3.19617370e-09
7.29113688e-01 3.18842414e-04 3.18842414e-09
7.26558935e-01 3.19565234e-04 3.19565234e-09
7.24013135e-01 3.20228083e-04 3.20228083e-09
7.21476254e-01 3.21216230e-04 3.21216230e-09
7.18948263e-01 3.18537683e-04 3.18537683e-09
7.16429129e-01 3.21565586e-04 3.21565586e-09
7.13918823e-01 3.13069892e-04 3.13069892e-09
7.11417312e-01 3.12882309e-04 3.12882309e-09
7.08924566e-01 3.13207955e-04 3.13207955e-09
7.06440555e-01 3.11947409e-04 3.11947409e-09
7.03965247e-01 3.11830628e-04 3.11830628e-09
7.01498613e-01 3.10118764e-04 3.10118764e-09
6.99040622e-01 3.09719562e-04 3.09719562e-09
6.96591243e-01 3.10857751e-04 3.10857751e-09
6.94150446e-01 3.12738578e-04 3.12738578e-09
6.91718202e-01 3.12300473e-04 3.12300473e-09
6.89294480e-01 3.08673414e-04 3.08673414e-09
6.86879251e-01 3.09000627e-04 3.09000627e-09
6.84472485e-01 3.08659066e-04 3.08659066e-09
6.82074152e-01 3.08662577e-04 3.08662577e-09
6.79684222e-01 3.08827201e-04 3.08827201e-09
6.77302666e-01 3.08666612e-04 3.08666612e-09
6.74929455e-01 3.08848977e-04 3.08848977e-09
6.72564560e-01 3.08393023e-04 3.08393023e-09
6.70207951e-01 3.08561437e-04 3.08561437e-09
6.67859599e-01 3.08397832e-04 3.08397832e-09
6.65519476e-01 3.08419973e-04 3.08419973e-09
6.63187553e-01 3.08548125e-04 3.08548125e-09
6.60863800e-01 3.08791319e-04 3.08791319e-09
6.58548189e-01 3.09442783e-04 3.09442783e-09
6.56240692e-01 3.08949723e-04 3.08949723e-09
6.53941281e-01 3.08870084e-04 3.08870084e-09
6.51649926e-01 3.09730291e-04 3.09730291e-09
6.49366600e-01 3.09379149e-04 3.09379149e-09
6.47091275e-01 3.09960588e-04 3.09960588e-09
6.44823922e-01 3.08351779e-04 3.08351779e-09
6.42564514e-01 3.07584616e-04 3.07584616e-09
6.40313023e-01 3.07436531e-04 3.07436531e-09
6.38069421e-01 3.07743740e-04 3.07743740e-09
6.35833680e-01 3.07526072e-04 3.07526072e-09
6.33605773e-01 3.07779512e-04 3.07779512e-09
6.31385672e-01 3.07699662e-04 3.07699662e-09
6.29173350e-01 3.08030124e-04 3.08030124e-09
6.26968780e-01 3.08265783e-04 3.08265783e-09
6.24771935e-01 3.08395576e-04 3.08395576e-09
6.22582787e-01 3.08349521e-04 3.08349521e-09
6.20401310e-01 3.08513752e-04 3.08513752e-09
6.18227477e-01 3.08343160e-04 3.08343160e-09
6.16061261e-01 3.08513809e-04 3.08513809e-09
6.13902634e-01 3.08326092e-04 3.08326092e-09
6.11751572e-01 3.08212636e-04 3.08212636e-09
6.09608046e-01 3.08549427e-04 3.08549427e-09
6.07472032e-01 3.08749777e-04 3.08749777e-09
6.05343501e-01 3.08545632e-04 3.08545632e-09
6.03222429e-01 3.08450192e-04 3.08450192e-09
6.01108789e-01 3.08951582e-04 3.08951582e-09
5.99002555e-01 3.09489339e-04 3.09489339e-09
5.96903701e-01 3.09426111e-04 3.09426111e-09
5.94812201e-01 3.09766132e-04 3.09766132e-09
5.92728030e-01 3.09277450e-04 3.09277450e-09
5.90651162e-01 3.10261926e-04 3.10261926e-09
5.88581570e-01 3.09735180e-04 3.09735180e-09
5.86519230e-01 3.08733058e-04 3.08733058e-09
5.84464117e-01 3.08166010e-04 3.08166010e-09
5.82416204e-01 3.08318524e-04 3.08318524e-09
5.80375468e-01 3.08551972e-04 3.08551972e-09
5.78341881e-01 3.08258536e-04 3.08258536e-09
5.76315421e-01 3.08367037e-04 3.08367037e-09
5.74296061e-01 3.08469132e-04 3.08469132e-09
5.72283776e-01 3.08679351e-04 3.08679351e-09
5.70278542e-01 3.08660588e-04 3.08660588e-09
5.68280335e-01 3.08936587e-04 3.08936587e-09
5.66289129e-01 3.08700595e-04 3.08700595e-09
5.64304900e-01 3.08840344e-04 3.08840344e-09
5.62327624e-01 3.08930863e-04 3.08930863e-09
5.60357276e-01 3.09078762e-04 3.09078762e-09
5.58393831e-01 3.09241987e-04 3.09241987e-09
5.56437267e-01 3.09279620e-04 3.09279620e-09
5.54487558e-01 3.09478403e-04 3.09478403e-09
5.52544681e-01 3.09550602e-04 3.09550602e-09
5.50608611e-01 3.09703164e-04 3.09703164e-09
5.48679326e-01 3.09820161e-04 3.09820161e-09
5.46756800e-01 3.10011559e-04 3.10011559e-09
5.44841011e-01 3.10015741e-04 3.10015741e-09
5.42931934e-01 3.10232197e-04 3.10232197e-09
5.41029547e-01 3.10336160e-04 3.10336160e-09
5.39133825e-01 3.10327104e-04 3.10327104e-09
5.37244746e-01 3.10510272e-04 3.10510272e-09
5.35362287e-01 3.10611018e-04 3.10611018e-09
5.33486423e-01 3.10698674e-04 3.10698674e-09
5.31617132e-01 3.10903296e-04 3.10903296e-09
5.29754391e-01 3.10979810e-04 3.10979810e-09
5.27898176e-01 3.11123648e-04 3.11123648e-09
5.26048466e-01 3.11217323e-04 3.11217323e-09
5.24205237e-01 3.11309479e-04 3.11309479e-09
5.22368466e-01 3.11456122e-04 3.11456122e-09
5.20538132e-01 3.11566820e-04 3.11566820e-09
5.18714210e-01 3.11714327e-04 3.11714327e-09
5.16896680e-01 3.11907030e-04 3.11907030e-09
5.15085518e-01 3.12039466e-04 3.12039466e-09
5.13280702e-01 3.12188511e-04 3.12188511e-09
5.11482210e-01 3.12327841e-04 3.12327841e-09
5.09690020e-01 3.12448669e-04 3.12448669e-09
5.07904110e-01 3.12589102e-04 3.12589102e-09
5.06124457e-01 3.12757748e-04 3.12757748e-09
5.04351040e-01 3.12980026e-04 3.12980026e-09
5.02583837e-01 3.13056090e-04 3.13056090e-09
5.00822826e-01 3.13048514e-04 3.13048514e-09
4.99067985e-01 3.13207357e-04 3.13207357e-09
4.97319294e-01 3.13297932e-04 3.13297932e-09
4.95576729e-01 3.13420864e-04 3.13420864e-09
4.93840270e-01 3.13570649e-04 3.13570649e-09
4.92109896e-01 3.13704128e-04 3.13704128e-09
4.90385585e-01 3.13840331e-04 3.13840331e-09
4.88667316e-01 3.13978114e-04 3.13978114e-09
4.86955067e-01 3.14121297e-04 3.14121297e-09
4.85248818e-01 3.14269291e-04 3.14269291e-09
4.83548547e-01 3.14407114e-04 3.14407114e-09
4.81854234e-01 3.14557951e-04 3.14557951e-09
4.80165858e-01 3.14704720e-04 3.14704720e-09
4.78483398e-01 3.14856262e-04 3.14856262e-09
4.76806833e-01 3.15003887e-04 3.15003887e-09
4.75136142e-01 3.15140105e-04 3.15140105e-09
4.73471306e-01 3.15301500e-04 3.15301500e-09
4.71812302e-01 3.15429391e-04 3.15429391e-09
4.70159112e-01 3.15578142e-04 3.15578142e-09
4.68511715e-01 3.15726863e-04 3.15726863e-09
4.66870090e-01 3.15860623e-04 3.15860623e-09
4.65234217e-01 3.16000847e-04 3.16000847e-09
4.63604075e-01 3.16144083e-04 3.16144083e-09
4.61979646e-01 3.16285604e-04 3.16285604e-09
4.60360909e-01 3.16430202e-04 3.16430202e-09
4.58747843e-01 3.16579620e-04 3.16579620e-09
4.57140430e-01 3.16728494e-04 3.16728494e-09
4.55538649e-01 3.16885659e-04 3.16885659e-09
4.53942480e-01 3.17029168e-04 3.17029168e-09
4.52351904e-01 3.17178148e-04 3.17178148e-09
4.50766902e-01 3.17326747e-04 3.17326747e-09
4.49187453e-01 3.17481244e-04 3.17481244e-09
4.47613538e-01 3.17628880e-04 3.17628880e-09
4.46045139e-01 3.17776655e-04 3.17776655e-09
4.44482234e-01 3.17925507e-04 3.17925507e-09
4.42924807e-01 3.18081599e-04 3.18081599e-09
4.41372836e-01 3.18209443e-04 3.18209443e-09
4.39826303e-01 3.18360426e-04 3.18360426e-09
4.38285189e-01 3.18501659e-04 3.18501659e-09
4.36749475e-01 3.18649595e-04 3.18649595e-09
4.35219142e-01 3.18797547e-04 3.18797547e-09
4.33694171e-01 3.18946888e-04 3.18946888e-09
4.32174544e-01 3.19096213e-04 3.19096213e-09
4.30660241e-01 3.19247943e-04 3.19247943e-09
4.29151244e-01 3.19397388e-04 3.19397388e-09
4.27647535e-01 3.19548572e-04 3.19548572e-09
4.26149094e-01 3.19700295e-04 3.19700295e-09
4.24655904e-01 3.19851082e-04 3.19851082e-09
4.23167946e-01 3.20001509e-04 3.20001509e-09
4.21685201e-01 3.20151240e-04 3.20151240e-09
4.20207652e-01 3.20302062e-04 3.20302062e-09
4.18735280e-01 3.20450693e-04 3.20450693e-09
4.17268068e-01 3.20600021e-04 3.20600021e-09
4.15805996e-01 3.20749593e-04 3.20749593e-09
4.14349047e-01 3.20901097e-04 3.20901097e-09
4.12897203e-01 3.21052126e-04 3.21052126e-09
4.11450447e-01 3.21202706e-04 3.21202706e-09
4.10008759e-01 3.21355245e-04 3.21355245e-09
4.08572123e-01 3.21506623e-04 3.21506623e-09
4.07140522e-01 3.21658207e-04 3.21658207e-09
4.05713936e-01 3.21810884e-04 3.21810884e-09
4.04292349e-01 3.21962243e-04 3.21962243e-09
4.02875743e-01 3.22113918e-04 3.22113918e-09
4.01464100e-01 3.22266787e-04 3.22266787e-09
4.00057404e-01 3.22419218e-04 3.22419218e-09
3.98655637e-01 3.22570246e-04 3.22570246e-09
3.97258782e-01 3.22723073e-04 3.22723073e-09
3.95866821e-01 3.22873283e-04 3.22873283e-09
3.94479737e-01 3.23025266e-04 3.23025266e-09
3.93097514e-01 3.23178266e-04 3.23178266e-09
3.91720134e-01 3.23330021e-04 3.23330021e-09
3.90347580e-01 3.23482321e-04 3.23482321e-09
3.88979835e-01 3.23636101e-04 3.23636101e-09
3.87616883e-01 3.23788641e-04 3.23788641e-09
3.86258706e-01 3.23941033e-04 3.23941033e-09
3.84905289e-01 3.24095254e-04 3.24095254e-09
3.83556613e-01 3.24247963e-04 3.24247963e-09
3.82212663e-01 3.24400383e-04 3.24400383e-09
3.80873423e-01 3.24553159e-04 3.24553159e-09
3.79538875e-01 3.24706052e-04 3.24706052e-09
3.78209003e-01 3.24860232e-04 3.24860232e-09
3.76883791e-01 3.25013295e-04 3.25013295e-09
3.75563222e-01 3.25166332e-04 3.25166332e-09
3.74247280e-01 3.25321051e-04 3.25321051e-09
3.72935950e-01 3.25474307e-04 3.25474307e-09
3.71629214e-01 3.25627674e-04 3.25627674e-09
3.70327057e-01 3.25782617e-04 3.25782617e-09
3.69029462e-01 3.25936072e-04 3.25936072e-09
3.67736415e-01 3.26089815e-04 3.26089815e-09
3.66447897e-01 3.26245009e-04 3.26245009e-09
3.65163895e-01 3.26398880e-04 3.26398880e-09
3.63884392e-01 3.26552574e-04 3.26552574e-09
3.62609372e-01 3.26707893e-04 3.26707893e-09
3.61338820e-01 3.26861855e-04 3.26861855e-09
3.60072719e-01 3.27015814e-04 3.27015814e-09
3.58811055e-01 3.27171421e-04 3.27171421e-09
3.57553812e-01 3.27325499e-04 3.27325499e-09
3.56300974e-01 3.27479742e-04 3.27479742e-09
3.55052525e-01 3.27635595e-04 3.27635595e-09
3.53808451e-01 3.27789964e-04 3.27789964e-09
3.52568737e-01 3.27944429e-04 3.27944429e-09
3.51333366e-01 3.28098957e-04 3.28098957e-09
3.50102324e-01 3.28253570e-04 3.28253570e-09
3.48875595e-01 3.28409761e-04 3.28409761e-09
3.47653165e-01 3.28564549e-04 3.28564549e-09
3.46435017e-01 3.28719407e-04 3.28719407e-09
3.45221139e-01 3.28875802e-04 3.28875802e-09
3.44011513e-01 3.29030775e-04 3.29030775e-09
3.42806126e-01 3.29185852e-04 3.29185852e-09
3.41604963e-01 3.29342474e-04 3.29342474e-09
3.40408008e-01 3.29497672e-04 3.29497672e-09
3.39215247e-01 3.29652949e-04 3.29652949e-09
3.38026666e-01 3.29809767e-04 3.29809767e-09
3.36842249e-01 3.29965166e-04 3.29965166e-09
3.35661983e-01 3.30120680e-04 3.30120680e-09
3.34485852e-01 3.30277659e-04 3.30277659e-09
3.33313842e-01 3.30433250e-04 3.30433250e-09
3.32145938e-01 3.30588893e-04 3.30588893e-09
3.30982127e-01 3.30746131e-04 3.30746131e-09
3.29822394e-01 3.30901922e-04 3.30901922e-09
3.28666724e-01 3.31057789e-04 3.31057789e-09
3.27515104e-01 3.31215217e-04 3.31215217e-09
3.26367519e-01 3.31371230e-04 3.31371230e-09
3.25223955e-01 3.31527309e-04 3.31527309e-09
3.24084398e-01 3.31683455e-04 3.31683455e-09
3.22948834e-01 3.31839669e-04 3.31839669e-09
3.21817249e-01 3.31997443e-04 3.31997443e-09
3.20689629e-01 3.32153795e-04 3.32153795e-09
3.19565959e-01 3.32310210e-04 3.32310210e-09
3.18446227e-01 3.32468179e-04 3.32468179e-09
3.17330419e-01 3.32624728e-04 3.32624728e-09
3.16218520e-01 3.32781348e-04 3.32781348e-09
3.15110517e-01 3.32939518e-04 3.32939518e-09
3.14006397e-01 3.33096267e-04 3.33096267e-09
3.12906145e-01 3.33253081e-04 3.33253081e-09
3.11809749e-01 3.33411445e-04 3.33411445e-09
3.10717194e-01 3.33568385e-04 3.33568385e-09
3.09628467e-01 3.33725404e-04 3.33725404e-09
3.08543556e-01 3.33883979e-04 3.33883979e-09
3.07462445e-01 3.34041126e-04 3.34041126e-09
3.06385123e-01 3.34198342e-04 3.34198342e-09
3.05311576e-01 3.34357122e-04 3.34357122e-09
3.04241790e-01 3.34514473e-04 3.34514473e-09
3.03175752e-01 3.34671895e-04 3.34671895e-09
3.02113450e-01 3.34830880e-04 3.34830880e-09
3.01054871e-01 3.34988434e-04 3.34988434e-09
3.00000000e-01 3.35107023e-04 3.35107023e-09
