# wavelength[µm] (rp/rs)^2 error
1.00000000e+01 3.54554093e-04 3.54554093e-09
9.96496085e+00 3.56923978e-04 3.56923978e-09
9.93004448e+00 3.56537751e-04 3.56537751e-09
9.89525045e+00 3.57558471e-04 3.57558471e-09
9.86057833e+00 3.59314269e-04 3.59314269e-09
9.82602770e+00 3.59083274e-04 3.59083274e-09
9.79159814e+00 3.60041894e-04 3.60041894e-09
9.75728921e+00 3.61015580e-04 3.61015580e-09
9.72310050e+00 3.61993999e-04 3.61993999e-09
9.68903159e+00 3.62107689e-04 3.62107689e-09
9.65508204e+00 3.63232525e-04 3.63232525e-09
9.62125146e+00 3.64160219e-04 3.64160219e-09
9.58753941e+00 3.64647498e-04 3.64647498e-09
9.55394549e+00 3.64895702e-04 3.64895702e-09
9.52046928e+00 3.66965906e-04 3.66965906e-09
9.48711036e+00 3.67903135e-04 3.67903135e-09
9.45386834e+00 3.68939690e-04 3.68939690e-09
9.42074279e+00 3.69176540e-04 3.69176540e-09
9.38773331e+00 3.69441148e-04 3.69441148e-09
9.35483949e+00 3.69950499e-04 3.69950499e-09
9.32206093e+00 3.71065219e-04 3.71065219e-09
9.28939722e+00 3.72222752e-04 3.72222752e-09
9.25684796e+00 3.71934315e-04 3.71934315e-09
9.22441275e+00 3.73033505e-04 3.73033505e-09
9.19209120e+00 3.73720685e-04 3.73720685e-09
9.15988289e+00 3.74864764e-04 3.74864764e-09
9.12778744e+00 3.75665178e-04 3.75665178e-09
9.09580445e+00 3.75654247e-04 3.75654247e-09
9.06393353e+00 3.76677431e-04 3.76677431e-09
9.03217428e+00 3.77679080e-04 3.77679080e-09
9.00052631e+00 3.78274477e-04 3.78274477e-09
8.96898923e+00 3.79142746e-04 3.79142746e-09
8.93756265e+00 3.79113419e-04 3.79113419e-09
8.90624619e+00 3.79744905e-04 3.79744905e-09
8.87503947e+00 3.80596141e-04 3.80596141e-09
8.84394208e+00 3.81261107e-04 3.81261107e-09
8.81295366e+00 3.81716570e-04 3.81716570e-09
8.78207382e+00 3.81907527e-04 3.81907527e-09
8.75130218e+00 3.82818738e-04 3.82818738e-09
8.72063837e+00 3.82697906e-04 3.82697906e-09
8.69008199e+00 3.83594494e-04 3.83594494e-09
8.65963268e+00 3.83471596e-04 3.83471596e-09
8.62929007e+00 3.84127412e-04 3.84127412e-09
8.59905377e+00 3.84161786e-04 3.84161786e-09
8.56892342e+00 3.84657020e-04 3.84657020e-09
8.53889864e+00 3.85184570e-04 3.85184570e-09
8.50897907e+00 3.84846241e-04 3.84846241e-09
8.47916433e+00 3.85849937e-04 3.85849937e-09
8.44945406e+00 3.85436865e-04 3.85436865e-09
8.41984789e+00 3.86212568e-04 3.86212568e-09
8.39034546e+00 3.85882412e-04 3.85882412e-09
8.36094640e+00 3.85955292e-04 3.85955292e-09
8.33165036e+00 3.86915635e-04 3.86915635e-09
8.30245696e+00 3.86988026e-04 3.86988026e-09
8.27336586e+00 3.87217992e-04 3.87217992e-09
8.24437669e+00 3.87176986e-04 3.87176986e-09
8.21548910e+00 3.87157430e-04 3.87157430e-09
8.18670272e+00 3.88101859e-04 3.88101859e-09
8.15801721e+00 3.87873457e-04 3.87873457e-09
8.12943222e+00 3.88100690e-04 3.88100690e-09
8.10094738e+00 3.88246354e-04 3.88246354e-09
8.07256235e+00 3.88680061e-04 3.88680061e-09
8.04427678e+00 3.89459618e-04 3.89459618e-09
8.01609032e+00 3.90866715e-04 3.90866715e-09
7.98800262e+00 3.91186340e-04 3.91186340e-09
7.96001334e+00 3.91807331e-04 3.91807331e-09
7.93212213e+00 3.92414096e-04 3.92414096e-09
7.90432865e+00 3.93400946e-04 3.93400946e-09
7.87663255e+00 3.94363395e-04 3.94363395e-09
7.84903350e+00 3.95022245e-04 3.95022245e-09
7.82153116e+00 3.95550677e-04 3.95550677e-09
7.79412518e+00 3.95357443e-04 3.95357443e-09
7.76681523e+00 3.94470019e-04 3.94470019e-09
7.73960097e+00 3.93805631e-04 3.93805631e-09
7.71248206e+00 3.91702009e-04 3.91702009e-09
7.68545818e+00 3.89962217e-04 3.89962217e-09
7.65852899e+00 3.88462393e-04 3.88462393e-09
7.63169416e+00 3.87404889e-04 3.87404889e-09
7.60495335e+00 3.88196153e-04 3.88196153e-09
7.57830624e+00 3.89188549e-04 3.89188549e-09
7.55175250e+00 3.89498690e-04 3.89498690e-09
7.52529180e+00 3.90609958e-04 3.90609958e-09
7.49892382e+00 3.91180735e-04 3.91180735e-09
7.47264823e+00 3.92073269e-04 3.92073269e-09
7.44646471e+00 3.92093076e-04 3.92093076e-09
7.42037293e+00 3.92134156e-04 3.92134156e-09
7.39437257e+00 3.92779008e-04 3.92779008e-09
7.36846332e+00 3.93237465e-04 3.93237465e-09
7.34264485e+00 3.92958470e-04 3.92958470e-09
7.31691685e+00 3.92832212e-04 3.92832212e-09
7.29127900e+00 3.92911655e-04 3.92911655e-09
7.26573098e+00 3.92640713e-04 3.92640713e-09
7.24027247e+00 3.92667460e-04 3.92667460e-09
7.21490318e+00 3.91927023e-04 3.91927023e-09
7.18962277e+00 3.91632657e-04 3.91632657e-09
7.16443094e+00 3.91107972e-04 3.91107972e-09
7.13932739e+00 3.90428440e-04 3.90428440e-09
7.11431179e+00 3.89416928e-04 3.89416928e-09
7.08938385e+00 3.87909000e-04 3.87909000e-09
7.06454325e+00 3.87335920e-04 3.87335920e-09
7.03978969e+00 3.85811012e-04 3.85811012e-09
7.01512287e+00 3.85028944e-04 3.85028944e-09
6.99054248e+00 3.83160992e-04 3.83160992e-09
6.96604821e+00 3.81948728e-04 3.81948728e-09
6.94163977e+00 3.80678418e-04 3.80678418e-09
6.91731685e+00 3.79795500e-04 3.79795500e-09
6.89307916e+00 3.78399476e-04 3.78399476e-09
6.86892640e+00 3.77798358e-04 3.77798358e-09
6.84485827e+00 3.76661999e-04 3.76661999e-09
6.82087447e+00 3.75909815e-04 3.75909815e-09
6.79697470e+00 3.74573581e-04 3.74573581e-09
6.77315868e+00 3.73665137e-04 3.73665137e-09
6.74942611e+00 3.72394392e-04 3.72394392e-09
6.72577670e+00 3.72062793e-04 3.72062793e-09
6.70221015e+00 3.71144683e-04 3.71144683e-09
6.67872617e+00 3.70553457e-04 3.70553457e-09
6.65532449e+00 3.70358199e-04 3.70358199e-09
6.63200480e+00 3.70279286e-04 3.70279286e-09
6.60876682e+00 3.70246352e-04 3.70246352e-09
6.58561026e+00 3.70420479e-04 3.70420479e-09
6.56253484e+00 3.70900098e-04 3.70900098e-09
6.53954028e+00 3.71705305e-04 3.71705305e-09
6.51662629e+00 3.72857158e-04 3.72857158e-09
6.49379258e+00 3.73903962e-04 3.73903962e-09
6.47103889e+00 3.74902307e-04 3.74902307e-09
6.44836492e+00 3.74919307e-04 3.74919307e-09
6.42577039e+00 3.74996685e-04 3.74996685e-09
6.40325504e+00 3.74560051e-04 3.74560051e-09
6.38081858e+00 3.74160908e-04 3.74160908e-09
6.35846074e+00 3.73359555e-04 3.73359555e-09
6.33618123e+00 3.72763475e-04 3.72763475e-09
6.31397979e+00 3.72105578e-04 3.72105578e-09
6.29185614e+00 3.72475861e-04 3.72475861e-09
6.26981002e+00 3.72007868e-04 3.72007868e-09
6.24784113e+00 3.71921813e-04 3.71921813e-09
6.22594923e+00 3.71618682e-04 3.71618682e-09
6.20413404e+00 3.72379418e-04 3.72379418e-09
6.18239528e+00 3.72071748e-04 3.72071748e-09
6.16073269e+00 3.72261005e-04 3.72261005e-09
6.13914601e+00 3.71766259e-04 3.71766259e-09
6.11763496e+00 3.72157681e-04 3.72157681e-09
6.09619929e+00 3.71839105e-04 3.71839105e-09
6.07483873e+00 3.71779017e-04 3.71779017e-09
6.05355301e+00 3.71971957e-04 3.71971957e-09
6.03234188e+00 3.71340813e-04 3.71340813e-09
6.01120506e+00 3.70698688e-04 3.70698688e-09
5.99014231e+00 3.71047386e-04 3.71047386e-09
5.96915336e+00 3.70555460e-04 3.70555460e-09
5.94823796e+00 3.70296696e-04 3.70296696e-09
5.92739584e+00 3.69619803e-04 3.69619803e-09
5.90662675e+00 3.69824270e-04 3.69824270e-09
5.88593043e+00 3.69489539e-04 3.69489539e-09
5.86530663e+00 3.71235794e-04 3.71235794e-09
5.84475510e+00 3.72183647e-04 3.72183647e-09
5.82427557e+00 3.72324664e-04 3.72324664e-09
5.80386781e+00 3.69312324e-04 3.69312324e-09
5.78353155e+00 3.70162310e-04 3.70162310e-09
5.76326654e+00 3.67920259e-04 3.67920259e-09
5.74307255e+00 3.66558009e-04 3.66558009e-09
5.72294931e+00 3.65602535e-04 3.65602535e-09
5.70289658e+00 3.66831290e-04 3.66831290e-09
5.68291412e+00 3.65760215e-04 3.65760215e-09
5.66300167e+00 3.66190099e-04 3.66190099e-09
5.64315900e+00 3.65639315e-04 3.65639315e-09
5.62338585e+00 3.67911408e-04 3.67911408e-09
5.60368198e+00 3.67257771e-04 3.67257771e-09
5.58404716e+00 3.66232246e-04 3.66232246e-09
5.56448113e+00 3.67921379e-04 3.67921379e-09
5.54498366e+00 3.68472871e-04 3.68472871e-09
5.52555451e+00 3.66667203e-04 3.66667203e-09
5.50619344e+00 3.69393224e-04 3.69393224e-09
5.48690021e+00 3.66994368e-04 3.66994368e-09
5.46767458e+00 3.67424127e-04 3.67424127e-09
5.44851631e+00 3.67204304e-04 3.67204304e-09
5.42942517e+00 3.66768642e-04 3.66768642e-09
5.41040093e+00 3.66931491e-04 3.66931491e-09
5.39144335e+00 3.67550451e-04 3.67550451e-09
5.37255219e+00 3.66528930e-04 3.66528930e-09
5.35372722e+00 3.65016704e-04 3.65016704e-09
5.33496822e+00 3.65945931e-04 3.65945931e-09
5.31627494e+00 3.68267991e-04 3.68267991e-09
5.29764717e+00 3.64042602e-04 3.64042602e-09
5.27908466e+00 3.63793356e-04 3.63793356e-09
5.26058720e+00 3.65077733e-04 3.65077733e-09
5.24215455e+00 3.64731585e-04 3.64731585e-09
5.22378649e+00 3.63709314e-04 3.63709314e-09
5.20548278e+00 3.65366730e-04 3.65366730e-09
5.18724321e+00 3.62859055e-04 3.62859055e-09
5.16906756e+00 3.64176523e-04 3.64176523e-09
5.15095558e+00 3.64586742e-04 3.64586742e-09
5.13290707e+00 3.63211948e-04 3.63211948e-09
5.11492180e+00 3.65125060e-04 3.65125060e-09
5.09699955e+00 3.64896130e-04 3.64896130e-09
5.07914010e+00 3.63898601e-04 3.63898601e-09
5.06134323e+00 3.65852011e-04 3.65852011e-09
5.04360871e+00 3.61747809e-04 3.61747809e-09
5.02593633e+00 3.64718294e-04 3.64718294e-09
5.00832588e+00 3.66102096e-04 3.66102096e-09
4.99077713e+00 3.65214618e-04 3.65214618e-09
4.97328988e+00 3.62938411e-04 3.62938411e-09
4.95586389e+00 3.65228176e-04 3.65228176e-09
4.93849897e+00 3.65167122e-04 3.65167122e-09
4.92119489e+00 3.64657375e-04 3.64657375e-09
4.90395144e+00 3.63344036e-04 3.63344036e-09
4.88676841e+00 3.61163314e-04 3.61163314e-09
4.86964559e+00 3.64366601e-04 3.64366601e-09
4.85258277e+00 3.61163195e-04 3.61163195e-09
4.83557973e+00 3.64013534e-04 3.64013534e-09
4.81863627e+00 3.66289358e-04 3.66289358e-09
4.80175218e+00 3.65062448e-04 3.65062448e-09
4.78492725e+00 3.63200473e-04 3.63200473e-09
4.76816127e+00 3.61445552e-04 3.61445552e-09
4.75145404e+00 3.65427058e-04 3.65427058e-09
4.73480535e+00 3.60383730e-04 3.60383730e-09
4.71821499e+00 3.62156825e-04 3.62156825e-09
4.70168277e+00 3.63776931e-04 3.63776931e-09
4.68520847e+00 3.62942810e-04 3.62942810e-09
4.66879190e+00 3.62240724e-04 3.62240724e-09
4.65243285e+00 3.64611285e-04 3.64611285e-09
4.63613112e+00 3.64561678e-04 3.64561678e-09
4.61988651e+00 3.67184158e-04 3.67184158e-09
4.60369882e+00 3.66333245e-04 3.66333245e-09
4.58756786e+00 3.65884425e-04 3.65884425e-09
4.57149341e+00 3.66645918e-04 3.66645918e-09
4.55547528e+00 3.64969901e-04 3.64969901e-09
4.53951329e+00 3.68252798e-04 3.68252798e-09
4.52360722e+00 3.67201128e-04 3.67201128e-09
4.50775688e+00 3.69418250e-04 3.69418250e-09
4.49196209e+00 3.66688232e-04 3.66688232e-09
4.47622264e+00 3.71528216e-04 3.71528216e-09
4.46053833e+00 3.66057715e-04 3.66057715e-09
4.44490899e+00 3.69303210e-04 3.69303210e-09
4.42933440e+00 3.70380874e-04 3.70380874e-09
4.41381439e+00 3.69334244e-04 3.69334244e-09
4.39834876e+00 3.67425747e-04 3.67425747e-09
4.38293732e+00 3.65853501e-04 3.65853501e-09
4.36757988e+00 3.68484458e-04 3.68484458e-09
4.35227625e+00 3.68333241e-04 3.68333241e-09
4.33702625e+00 3.65802002e-04 3.65802002e-09
4.32182968e+00 3.67121515e-04 3.67121515e-09
4.30668636e+00 3.67780663e-04 3.67780663e-09
4.29159609e+00 3.65671377e-04 3.65671377e-09
4.27655871e+00 3.62559922e-04 3.62559922e-09
4.26157401e+00 3.62846744e-04 3.62846744e-09
4.24664182e+00 3.61294871e-04 3.61294871e-09
4.23176194e+00 3.59180648e-04 3.59180648e-09
4.21693421e+00 3.59234754e-04 3.59234754e-09
4.20215843e+00 3.57123110e-04 3.57123110e-09
4.18743443e+00 3.57382456e-04 3.57382456e-09
4.17276201e+00 3.56993500e-04 3.56993500e-09
4.15814101e+00 3.56832124e-04 3.56832124e-09
4.14357124e+00 3.57872151e-04 3.57872151e-09
4.12905252e+00 3.58592921e-04 3.58592921e-09
4.11458467e+00 3.59522524e-04 3.59522524e-09
4.10016751e+00 3.60243234e-04 3.60243234e-09
4.08580088e+00 3.60964252e-04 3.60964252e-09
4.07148458e+00 3.62067343e-04 3.62067343e-09
4.05721844e+00 3.62613283e-04 3.62613283e-09
4.04300229e+00 3.63424517e-04 3.63424517e-09
4.02883596e+00 3.64156745e-04 3.64156745e-09
4.01471926e+00 3.64845150e-04 3.64845150e-09
4.00065202e+00 3.65564168e-04 3.65564168e-09
3.98663408e+00 3.66041864e-04 3.66041864e-09
3.97266525e+00 3.66688633e-04 3.66688633e-09
3.95874537e+00 3.67194847e-04 3.67194847e-09
3.94487427e+00 3.67985650e-04 3.67985650e-09
3.93105176e+00 3.68427762e-04 3.68427762e-09
3.91727769e+00 3.69187197e-04 3.69187197e-09
3.90355188e+00 3.70062652e-04 3.70062652e-09
3.88987417e+00 3.70810214e-04 3.70810214e-09
3.87624438e+00 3.71735874e-04 3.71735874e-09
3.86266235e+00 3.72650498e-04 3.72650498e-09
3.84912791e+00 3.73234803e-04 3.73234803e-09
3.83564090e+00 3.74266758e-04 3.74266758e-09
3.82220114e+00 3.75111106e-04 3.75111106e-09
3.80880847e+00 3.76017247e-04 3.76017247e-09
3.79546273e+00 3.76800148e-04 3.76800148e-09
3.78216375e+00 3.77592118e-04 3.77592118e-09
3.76891137e+00 3.78696180e-04 3.78696180e-09
3.75570543e+00 3.79684304e-04 3.79684304e-09
3.74254575e+00 3.80762423e-04 3.80762423e-09
3.72943219e+00 3.81452595e-04 3.81452595e-09
3.71636458e+00 3.82459695e-04 3.82459695e-09
3.70334275e+00 3.83492434e-04 3.83492434e-09
3.69036656e+00 3.83981151e-04 3.83981151e-09
3.67743583e+00 3.84749319e-04 3.84749319e-09
3.66455040e+00 3.85465950e-04 3.85465950e-09
3.65171013e+00 3.86516623e-04 3.86516623e-09
3.63891485e+00 3.86834091e-04 3.86834091e-09
3.62616440e+00 3.87318383e-04 3.87318383e-09
3.61345863e+00 3.87700875e-04 3.87700875e-09
3.60079738e+00 3.88696652e-04 3.88696652e-09
3.58818049e+00 3.89393546e-04 3.89393546e-09
3.57560781e+00 3.89889175e-04 3.89889175e-09
3.56307919e+00 3.89920867e-04 3.89920867e-09
3.55059446e+00 3.90205812e-04 3.90205812e-09
3.53815348e+00 3.89988422e-04 3.89988422e-09
3.52575609e+00 3.89911264e-04 3.89911264e-09
3.51340214e+00 3.89935051e-04 3.89935051e-09
3.50109148e+00 3.89429253e-04 3.89429253e-09
3.48882395e+00 3.90124742e-04 3.90124742e-09
3.47659941e+00 3.90316485e-04 3.90316485e-09
3.46441770e+00 3.90238572e-04 3.90238572e-09
3.45227868e+00 3.90914815e-04 3.90914815e-09
3.44018219e+00 3.91376683e-04 3.91376683e-09
3.42812808e+00 3.91274671e-04 3.91274671e-09
3.41611621e+00 3.91295002e-04 3.91295002e-09
3.40414643e+00 3.91073021e-04 3.91073021e-09
3.39221859e+00 3.91862069e-04 3.91862069e-09
3.38033255e+00 3.93120921e-04 3.93120921e-09
3.36848815e+00 3.95176079e-04 3.95176079e-09
3.35668526e+00 3.97110159e-04 3.97110159e-09
3.34492372e+00 3.97957144e-04 3.97957144e-09
3.33320339e+00 3.97621796e-04 3.97621796e-09
3.32152413e+00 3.95959691e-04 3.95959691e-09
3.30988579e+00 3.92991888e-04 3.92991888e-09
3.29828823e+00 3.91356410e-04 3.91356410e-09
3.28673131e+00 3.90815421e-04 3.90815421e-09
3.27521488e+00 3.90663689e-04 3.90663689e-09
3.26373881e+00 3.91048359e-04 3.91048359e-09
3.25230295e+00 3.91006666e-04 3.91006666e-09
3.24090715e+00 3.91405904e-04 3.91405904e-09
3.22955129e+00 3.92011088e-04 3.92011088e-09
3.21823522e+00 3.92119666e-04 3.92119666e-09
3.20695880e+00 3.92787020e-04 3.92787020e-09
3.19572188e+00 3.92801782e-04 3.92801782e-09
3.18452435e+00 3.93338854e-04 3.93338854e-09
3.17336604e+00 3.93485732e-04 3.93485732e-09
3.16224684e+00 3.94124272e-04 3.94124272e-09
3.15116660e+00 3.93493497e-04 3.93493497e-09
3.14012518e+00 3.93925539e-04 3.93925539e-09
3.12912245e+00 3.93360691e-04 3.93360691e-09
3.11815827e+00 3.93266095e-04 3.93266095e-09
3.10723251e+00 3.92394452e-04 3.92394452e-09
3.09634503e+00 3.91962045e-04 3.91962045e-09
3.08549570e+00 3.91000039e-04 3.91000039e-09
3.07468438e+00 3.90328501e-04 3.90328501e-09
3.06391095e+00 3.89355546e-04 3.89355546e-09
3.05317527e+00 3.87436839e-04 3.87436839e-09
3.04247720e+00 3.86200875e-04 3.86200875e-09
3.03181662e+00 3.83720652e-04 3.83720652e-09
3.02119339e+00 3.81679174e-04 3.81679174e-09
3.01060739e+00 3.79877021e-04 3.79877021e-09
3.00005848e+00 3.77643210e-04 3.77643210e-09
2.98954653e+00 3.75697294e-04 3.75697294e-09
2.97907141e+00 3.74025723e-04 3.74025723e-09
2.96863300e+00 3.72255708e-04 3.72255708e-09
2.95823116e+00 3.70923023e-04 3.70923023e-09
2.94786577e+00 3.69677316e-04 3.69677316e-09
2.93753670e+00 3.68563756e-04 3.68563756e-09
2.92724382e+00 3.67392790e-04 3.67392790e-09
2.91698701e+00 3.66332899e-04 3.66332899e-09
2.90676613e+00 3.65489542e-04 3.65489542e-09
2.89658107e+00 3.64124478e-04 3.64124478e-09
2.88643170e+00 3.63099598e-04 3.63099598e-09
2.87631789e+00 3.61956550e-04 3.61956550e-09
2.86623952e+00 3.60864554e-04 3.60864554e-09
2.85619646e+00 3.59937384e-04 3.59937384e-09
2.84618859e+00 3.58771772e-04 3.58771772e-09
2.83621578e+00 3.58015865e-04 3.58015865e-09
2.82627793e+00 3.56909437e-04 3.56909437e-09
2.81637489e+00 3.56001333e-04 3.56001333e-09
2.80650655e+00 3.55217598e-04 3.55217598e-09
2.79667279e+00 3.54109754e-04 3.54109754e-09
2.78687349e+00 3.53419055e-04 3.53419055e-09
2.77710852e+00 3.52892228e-04 3.52892228e-09
2.76737777e+00 3.53123500e-04 3.53123500e-09
2.75768111e+00 3.52263818e-04 3.52263818e-09
2.74801843e+00 3.52181654e-04 3.52181654e-09
2.73838961e+00 3.52598139e-04 3.52598139e-09
2.72879453e+00 3.52328100e-04 3.52328100e-09
2.71923306e+00 3.52503827e-04 3.52503827e-09
2.70970510e+00 3.52939032e-04 3.52939032e-09
2.70021052e+00 3.53209234e-04 3.53209234e-09
2.69074922e+00 3.54835773e-04 3.54835773e-09
2.68132106e+00 3.54573322e-04 3.54573322e-09
2.67192594e+00 3.55742022e-04 3.55742022e-09
2.66256374e+00 3.56543571e-04 3.56543571e-09
2.65323434e+00 3.57746354e-04 3.57746354e-09
2.64393763e+00 3.58237183e-04 3.58237183e-09
2.63467350e+00 3.59108941e-04 3.59108941e-09
2.62544183e+00 3.61841486e-04 3.61841486e-09
2.61624251e+00 3.61643409e-04 3.61643409e-09
2.60707541e+00 3.62295316e-04 3.62295316e-09
2.59794044e+00 3.64710317e-04 3.64710317e-09
2.58883748e+00 3.63613576e-04 3.63613576e-09
2.57976642e+00 3.66086467e-04 3.66086467e-09
2.57072713e+00 3.64159066e-04 3.64159066e-09
2.56171953e+00 3.66081502e-04 3.66081502e-09
2.55274348e+00 3.65331886e-04 3.65331886e-09
2.54379888e+00 3.66370201e-04 3.66370201e-09
2.53488563e+00 3.66571071e-04 3.66571071e-09
2.52600360e+00 3.68526498e-04 3.68526498e-09
2.51715270e+00 3.68735084e-04 3.68735084e-09
2.50833281e+00 3.69268210e-04 3.69268210e-09
2.49954383e+00 3.69935635e-04 3.69935635e-09
2.49078564e+00 3.70712988e-04 3.70712988e-09
2.48205814e+00 3.72923200e-04 3.72923200e-09
2.47336122e+00 3.72680776e-04 3.72680776e-09
2.46469477e+00 3.72341131e-04 3.72341131e-09
2.45605869e+00 3.74342641e-04 3.74342641e-09
2.44745287e+00 3.74823349e-04 3.74823349e-09
2.43887720e+00 3.73313394e-04 3.73313394e-09
2.43033159e+00 3.74008596e-04 3.74008596e-09
2.42181591e+00 3.74686332e-04 3.74686332e-09
2.41333007e+00 3.76365951e-04 3.76365951e-09
2.40487397e+00 3.74156089e-04 3.74156089e-09
2.39644750e+00 3.76282427e-04 3.76282427e-09
2.38805055e+00 3.79894066e-04 3.79894066e-09
2.37968302e+00 3.77102274e-04 3.77102274e-09
2.37134482e+00 3.75906219e-04 3.75906219e-09
2.36303583e+00 3.77439175e-04 3.77439175e-09
2.35475595e+00 3.80439402e-04 3.80439402e-09
2.34650509e+00 3.78088192e-04 3.78088192e-09
2.33828313e+00 3.78699936e-04 3.78699936e-09
2.33008999e+00 3.79362499e-04 3.79362499e-09
2.32192555e+00 3.77871918e-04 3.77871918e-09
2.31378972e+00 3.75206462e-04 3.75206462e-09
2.30568240e+00 3.76037011e-04 3.76037011e-09
2.29760348e+00 3.78252422e-04 3.78252422e-09
2.28955288e+00 3.76093233e-04 3.76093233e-09
2.28153048e+00 3.75404159e-04 3.75404159e-09
2.27353619e+00 3.74715361e-04 3.74715361e-09
2.26556991e+00 3.74349655e-04 3.74349655e-09
2.25763155e+00 3.73925114e-04 3.73925114e-09
2.24972100e+00 3.73653937e-04 3.73653937e-09
2.24183817e+00 3.73341205e-04 3.73341205e-09
2.23398296e+00 3.72863143e-04 3.72863143e-09
2.22615527e+00 3.72971938e-04 3.72971938e-09
2.21835501e+00 3.73156108e-04 3.73156108e-09
2.21058209e+00 3.73360608e-04 3.73360608e-09
2.20283639e+00 3.72266950e-04 3.72266950e-09
2.19511784e+00 3.70886926e-04 3.70886926e-09
2.18742634e+00 3.69738143e-04 3.69738143e-09
2.17976178e+00 3.68457574e-04 3.68457574e-09
2.17212408e+00 3.67372968e-04 3.67372968e-09
2.16451314e+00 3.66324232e-04 3.66324232e-09
2.15692887e+00 3.65288072e-04 3.65288072e-09
2.14937118e+00 3.64192575e-04 3.64192575e-09
2.14183996e+00 3.63042644e-04 3.63042644e-09
2.13433514e+00 3.61946724e-04 3.61946724e-09
2.12685661e+00 3.60884858e-04 3.60884858e-09
2.11940429e+00 3.59735645e-04 3.59735645e-09
2.11197807e+00 3.58643947e-04 3.58643947e-09
2.10457788e+00 3.57548473e-04 3.57548473e-09
2.09720362e+00 3.56405646e-04 3.56405646e-09
2.08985520e+00 3.55341132e-04 3.55341132e-09
2.08253252e+00 3.54145380e-04 3.54145380e-09
2.07523551e+00 3.52984127e-04 3.52984127e-09
2.06796406e+00 3.51749701e-04 3.51749701e-09
2.06071809e+00 3.50486012e-04 3.50486012e-09
2.05349751e+00 3.49252398e-04 3.49252398e-09
2.04630223e+00 3.47858508e-04 3.47858508e-09
2.03913216e+00 3.46575562e-04 3.46575562e-09
2.03198721e+00 3.45419526e-04 3.45419526e-09
2.02486730e+00 3.44331952e-04 3.44331952e-09
2.01777234e+00 3.43337051e-04 3.43337051e-09
2.01070224e+00 3.42518451e-04 3.42518451e-09
2.00365691e+00 3.41478939e-04 3.41478939e-09
1.99663626e+00 3.40771618e-04 3.40771618e-09
1.98964022e+00 3.39814162e-04 3.39814162e-09
1.98266869e+00 3.39627850e-04 3.39627850e-09
1.97572159e+00 3.38737011e-04 3.38737011e-09
1.96879883e+00 3.38352971e-04 3.38352971e-09
1.96190033e+00 3.38280338e-04 3.38280338e-09
1.95502599e+00 3.38301730e-04 3.38301730e-09
1.94817575e+00 3.38111077e-04 3.38111077e-09
1.94134951e+00 3.37852582e-04 3.37852582e-09
1.93454718e+00 3.37805620e-04 3.37805620e-09
1.92776869e+00 3.37970944e-04 3.37970944e-09
1.92101396e+00 3.38174256e-04 3.38174256e-09
1.91428289e+00 3.38270885e-04 3.38270885e-09
1.90757540e+00 3.38670632e-04 3.38670632e-09
1.90089142e+00 3.39269019e-04 3.39269019e-09
1.89423086e+00 3.39700595e-04 3.39700595e-09
1.88759364e+00 3.40342302e-04 3.40342302e-09
1.88097967e+00 3.40994269e-04 3.40994269e-09
1.87438888e+00 3.41287535e-04 3.41287535e-09
1.86782118e+00 3.41898848e-04 3.41898848e-09
1.86127649e+00 3.42640880e-04 3.42640880e-09
1.85475474e+00 3.42950073e-04 3.42950073e-09
1.84825583e+00 3.43393601e-04 3.43393601e-09
1.84177970e+00 3.44010590e-04 3.44010590e-09
1.83532626e+00 3.44675973e-04 3.44675973e-09
1.82889544e+00 3.45186902e-04 3.45186902e-09
1.82248714e+00 3.45879022e-04 3.45879022e-09
1.81610130e+00 3.46449504e-04 3.46449504e-09
1.80973784e+00 3.47223810e-04 3.47223810e-09
1.80339667e+00 3.48011163e-04 3.48011163e-09
1.79707772e+00 3.48556376e-04 3.48556376e-09
1.79078091e+00 3.48758853e-04 3.48758853e-09
1.78450617e+00 3.49066180e-04 3.49066180e-09
1.77825341e+00 3.49299740e-04 3.49299740e-09
1.77202256e+00 3.49465651e-04 3.49465651e-09
1.76581355e+00 3.49613651e-04 3.49613651e-09
1.75962629e+00 3.49900251e-04 3.49900251e-09
1.75346071e+00 3.50453705e-04 3.50453705e-09
1.74731673e+00 3.50929342e-04 3.50929342e-09
1.74119428e+00 3.51269599e-04 3.51269599e-09
1.73509328e+00 3.51183902e-04 3.51183902e-09
1.72901367e+00 3.51337624e-04 3.51337624e-09
1.72295535e+00 3.51540160e-04 3.51540160e-09
1.71691826e+00 3.52217035e-04 3.52217035e-09
1.71090232e+00 3.52852018e-04 3.52852018e-09
1.70490747e+00 3.54190515e-04 3.54190515e-09
1.69893362e+00 3.55101729e-04 3.55101729e-09
1.69298070e+00 3.55820091e-04 3.55820091e-09
1.68704864e+00 3.56001029e-04 3.56001029e-09
1.68113736e+00 3.55916823e-04 3.55916823e-09
1.67524680e+00 3.56236702e-04 3.56236702e-09
1.66937688e+00 3.55764234e-04 3.55764234e-09
1.66352752e+00 3.54881678e-04 3.54881678e-09
1.65769867e+00 3.54391620e-04 3.54391620e-09
1.65189023e+00 3.54560263e-04 3.54560263e-09
1.64610215e+00 3.55848712e-04 3.55848712e-09
1.64033435e+00 3.56115085e-04 3.56115085e-09
1.63458675e+00 3.55331040e-04 3.55331040e-09
1.62885930e+00 3.55826702e-04 3.55826702e-09
1.62315192e+00 3.56436412e-04 3.56436412e-09
1.61746453e+00 3.56956148e-04 3.56956148e-09
1.61179707e+00 3.54933590e-04 3.54933590e-09
1.60614947e+00 3.55045113e-04 3.55045113e-09
1.60052166e+00 3.53940256e-04 3.53940256e-09
1.59491357e+00 3.50586895e-04 3.50586895e-09
1.58932513e+00 3.49733240e-04 3.49733240e-09
1.58375627e+00 3.48074967e-04 3.48074967e-09
1.57820692e+00 3.47213967e-04 3.47213967e-09
1.57267702e+00 3.44518150e-04 3.44518150e-09
1.56716649e+00 3.43981305e-04 3.43981305e-09
1.56167528e+00 3.44630240e-04 3.44630240e-09
1.55620330e+00 3.42123924e-04 3.42123924e-09
1.55075049e+00 3.38077593e-04 3.38077593e-09
1.54531680e+00 3.36648565e-04 3.36648565e-09
1.53990214e+00 3.35292617e-04 3.35292617e-09
1.53450645e+00 3.34216325e-04 3.34216325e-09
1.52912967e+00 3.33212633e-04 3.33212633e-09
1.52377173e+00 3.32471019e-04 3.32471019e-09
1.51843257e+00 3.32014251e-04 3.32014251e-09
1.51311211e+00 3.31656024e-04 3.31656024e-09
1.50781029e+00 3.31551824e-04 3.31551824e-09
1.50252705e+00 3.31697971e-04 3.31697971e-09
1.49726232e+00 3.31880343e-04 3.31880343e-09
1.49201605e+00 3.32312839e-04 3.32312839e-09
1.48678815e+00 3.32780820e-04 3.32780820e-09
1.48157857e+00 3.33373524e-04 3.33373524e-09
1.47638724e+00 3.34101821e-04 3.34101821e-09
1.47121411e+00 3.34920646e-04 3.34920646e-09
1.46605910e+00 3.35731772e-04 3.35731772e-09
1.46092215e+00 3.36551424e-04 3.36551424e-09
1.45580321e+00 3.37417413e-04 3.37417413e-09
1.45070220e+00 3.38157265e-04 3.38157265e-09
1.44561906e+00 3.39035839e-04 3.39035839e-09
1.44055373e+00 3.39671434e-04 3.39671434e-09
1.43550615e+00 3.40562548e-04 3.40562548e-09
1.43047626e+00 3.41188645e-04 3.41188645e-09
1.42546400e+00 3.41951071e-04 3.41951071e-09
1.42046929e+00 3.42586006e-04 3.42586006e-09
1.41549209e+00 3.43140128e-04 3.43140128e-09
1.41053232e+00 3.43635568e-04 3.43635568e-09
1.40558994e+00 3.44318836e-04 3.44318836e-09
1.40066487e+00 3.44645178e-04 3.44645178e-09
1.39575706e+00 3.44822346e-04 3.44822346e-09
1.39086645e+00 3.44762471e-04 3.44762471e-09
1.38599297e+00 3.44899036e-04 3.44899036e-09
1.38113657e+00 3.44993853e-04 3.44993853e-09
1.37629718e+00 3.44966907e-04 3.44966907e-09
1.37147476e+00 3.44959067e-04 3.44959067e-09
1.36666922e+00 3.45328081e-04 3.45328081e-09
1.36188053e+00 3.45314007e-04 3.45314007e-09
1.35710862e+00 3.44612950e-04 3.44612950e-09
1.35235343e+00 3.44032071e-04 3.44032071e-09
1.34761489e+00 3.43572613e-04 3.43572613e-09
1.34289297e+00 3.43320557e-04 3.43320557e-09
1.33818758e+00 3.42927055e-04 3.42927055e-09
1.33349869e+00 3.42233625e-04 3.42233625e-09
1.32882622e+00 3.41066009e-04 3.41066009e-09
1.32417013e+00 3.40189107e-04 3.40189107e-09
1.31953035e+00 3.39220094e-04 3.39220094e-09
1.31490683e+00 3.38210601e-04 3.38210601e-09
1.31029951e+00 3.37153724e-04 3.37153724e-09
1.30570833e+00 3.36016851e-04 3.36016851e-09
1.30113324e+00 3.34743606e-04 3.34743606e-09
1.29657418e+00 3.33508572e-04 3.33508572e-09
1.29203109e+00 3.32265294e-04 3.32265294e-09
1.28750392e+00 3.31069266e-04 3.31069266e-09
1.28299262e+00 3.29856457e-04 3.29856457e-09
1.27849712e+00 3.28792972e-04 3.28792972e-09
1.27401738e+00 3.27666838e-04 3.27666838e-09
1.26955333e+00 3.26737186e-04 3.26737186e-09
1.26510492e+00 3.25883011e-04 3.25883011e-09
1.26067210e+00 3.25049731e-04 3.25049731e-09
1.25625481e+00 3.24153826e-04 3.24153826e-09
1.25185300e+00 3.23573483e-04 3.23573483e-09
1.24746662e+00 3.23384058e-04 3.23384058e-09
1.24309560e+00 3.23695306e-04 3.23695306e-09
1.23873990e+00 3.23550198e-04 3.23550198e-09
1.23439946e+00 3.23717102e-04 3.23717102e-09
1.23007423e+00 3.23868098e-04 3.23868098e-09
1.22576416e+00 3.23835611e-04 3.23835611e-09
1.22146918e+00 3.24146387e-04 3.24146387e-09
1.21718926e+00 3.24910366e-04 3.24910366e-09
1.21292433e+00 3.25919368e-04 3.25919368e-09
1.20867435e+00 3.26038259e-04 3.26038259e-09
1.20443925e+00 3.26635470e-04 3.26635470e-09
1.20021900e+00 3.27248362e-04 3.27248362e-09
1.19601354e+00 3.28075292e-04 3.28075292e-09
1.19182281e+00 3.28433275e-04 3.28433275e-09
1.18764676e+00 3.29200640e-04 3.29200640e-09
1.18348535e+00 3.30751617e-04 3.30751617e-09
1.17933852e+00 3.31827133e-04 3.31827133e-09
1.17520621e+00 3.32643364e-04 3.32643364e-09
1.17108839e+00 3.31167889e-04 3.31167889e-09
1.16698500e+00 3.31167497e-04 3.31167497e-09
1.16289598e+00 3.32498882e-04 3.32498882e-09
1.15882129e+00 3.33152411e-04 3.33152411e-09
1.15476088e+00 3.33471010e-04 3.33471010e-09
1.15071470e+00 3.34095081e-04 3.34095081e-09
1.14668269e+00 3.33511289e-04 3.33511289e-09
1.14266481e+00 3.32355342e-04 3.32355342e-09
1.13866101e+00 3.31605780e-04 3.31605780e-09
1.13467124e+00 3.30974513e-04 3.30974513e-09
1.13069545e+00 3.30435859e-04 3.30435859e-09
1.12673359e+00 3.30024815e-04 3.30024815e-09
1.12278561e+00 3.29632124e-04 3.29632124e-09
1.11885147e+00 3.29309932e-04 3.29309932e-09
1.11493111e+00 3.28804493e-04 3.28804493e-09
1.11102448e+00 3.28016428e-04 3.28016428e-09
1.10713155e+00 3.26748885e-04 3.26748885e-09
1.10325225e+00 3.25584344e-04 3.25584344e-09
1.09938655e+00 3.24426696e-04 3.24426696e-09
1.09553439e+00 3.22916807e-04 3.22916807e-09
1.09169573e+00 3.21401408e-04 3.21401408e-09
1.08787053e+00 3.20042714e-04 3.20042714e-09
1.08405872e+00 3.18887246e-04 3.18887246e-09
1.08026027e+00 3.17810628e-04 3.17810628e-09
1.07647513e+00 3.16772264e-04 3.16772264e-09
1.07270325e+00 3.15760633e-04 3.15760633e-09
1.06894459e+00 3.14887698e-04 3.14887698e-09
1.06519910e+00 3.14217881e-04 3.14217881e-09
1.06146673e+00 3.13676075e-04 3.13676075e-09
1.05774745e+00 3.13081088e-04 3.13081088e-09
1.05404119e+00 3.12630095e-04 3.12630095e-09
1.05034792e+00 3.12187292e-04 3.12187292e-09
1.04666759e+00 3.11841607e-04 3.11841607e-09
1.04300015e+00 3.11670523e-04 3.11670523e-09
1.03934557e+00 3.11704634e-04 3.11704634e-09
1.03570379e+00 3.11916417e-04 3.11916417e-09
1.03207477e+00 3.11984477e-04 3.11984477e-09
1.02845847e+00 3.12483889e-04 3.12483889e-09
1.02485484e+00 3.12960170e-04 3.12960170e-09
1.02126384e+00 3.13361320e-04 3.13361320e-09
1.01768541e+00 3.13564932e-04 3.13564932e-09
1.01411953e+00 3.14006883e-04 3.14006883e-09
1.01056614e+00 3.14333013e-04 3.14333013e-09
1.00702521e+00 3.14791668e-04 3.14791668e-09
1.00349667e+00 3.14998382e-04 3.14998382e-09
9.99980508e-01 3.14982158e-04 3.14982158e-09
9.96476661e-01 3.15143409e-04 3.15143409e-09
9.92985092e-01 3.14881480e-04 3.14881480e-09
9.89505757e-01 3.14630759e-04 3.14630759e-09
9.86038613e-01 3.14520683e-04 3.14520683e-09
9.82583617e-01 3.14391841e-04 3.14391841e-09
9.79140728e-01 3.13996684e-04 3.13996684e-09
9.75709902e-01 3.13606576e-04 3.13606576e-09
9.72291098e-01 3.13392778e-04 3.13392778e-09
9.68884273e-01 3.13149459e-04 3.13149459e-09
9.65489385e-01 3.12625273e-04 3.12625273e-09
9.62106392e-01 3.12238916e-04 3.12238916e-09
9.58735253e-01 3.11924233e-04 3.11924233e-09
9.55375926e-01 3.11520672e-04 3.11520672e-09
9.52028370e-01 3.11272928e-04 3.11272928e-09
9.48692544e-01 3.10866155e-04 3.10866155e-09
9.45368406e-01 3.09654012e-04 3.09654012e-09
9.42055916e-01 3.09539334e-04 3.09539334e-09
9.38755032e-01 3.09156974e-04 3.09156974e-09
9.35465714e-01 3.08085487e-04 3.08085487e-09
9.32187922e-01 3.07717261e-04 3.07717261e-09
9.28921615e-01 3.07190078e-04 3.07190078e-09
9.25666753e-01 3.06157637e-04 3.06157637e-09
9.22423295e-01 3.05430722e-04 3.05430722e-09
9.19191202e-01 3.05584897e-04 3.05584897e-09
9.15970435e-01 3.05389296e-04 3.05389296e-09
9.12760952e-01 3.05163105e-04 3.05163105e-09
9.09562716e-01 3.05172185e-04 3.05172185e-09
9.06375685e-01 3.06262391e-04 3.06262391e-09
9.03199822e-01 3.06966305e-04 3.06966305e-09
9.00035087e-01 3.08161384e-04 3.08161384e-09
8.96881440e-01 3.06370453e-04 3.06370453e-09
8.93738844e-01 3.06254235e-04 3.06254235e-09
8.90607259e-01 3.08161871e-04 3.08161871e-09
8.87486647e-01 3.08249980e-04 3.08249980e-09
8.84376970e-01 3.06124073e-04 3.06124073e-09
8.81278188e-01 3.04388171e-04 3.04388171e-09
8.78190264e-01 3.03444718e-04 3.03444718e-09
8.75113160e-01 3.02402173e-04 3.02402173e-09
8.72046838e-01 3.02242107e-04 3.02242107e-09
8.68991260e-01 3.02217118e-04 3.02217118e-09
8.65946389e-01 3.01683594e-04 3.01683594e-09
8.62912187e-01 3.00978433e-04 3.00978433e-09
8.59888616e-01 3.00571828e-04 3.00571828e-09
8.56875639e-01 3.00372004e-04 3.00372004e-09
8.53873220e-01 3.00442703e-04 3.00442703e-09
8.50881321e-01 3.00302622e-04 3.00302622e-09
8.47899905e-01 3.00182548e-04 3.00182548e-09
8.44928936e-01 3.00024795e-04 3.00024795e-09
8.41968377e-01 2.99891606e-04 2.99891606e-09
8.39018191e-01 2.99634086e-04 2.99634086e-09
8.36078343e-01 2.99378624e-04 2.99378624e-09
8.33148796e-01 2.96235384e-04 2.96235384e-09
8.30229513e-01 2.94059193e-04 2.94059193e-09
8.27320460e-01 2.94158926e-04 2.94158926e-09
8.24421599e-01 2.94267737e-04 2.94267737e-09
8.21532896e-01 2.94357903e-04 2.94357903e-09
8.18654315e-01 2.94475446e-04 2.94475446e-09
8.15785820e-01 2.94559782e-04 2.94559782e-09
8.12927376e-01 2.94695413e-04 2.94695413e-09
8.10078947e-01 2.94786546e-04 2.94786546e-09
8.07240500e-01 2.94855825e-04 2.94855825e-09
8.04411998e-01 2.94954121e-04 2.94954121e-09
8.01593407e-01 2.95061998e-04 2.95061998e-09
7.98784691e-01 2.95168304e-04 2.95168304e-09
7.95985818e-01 2.95273123e-04 2.95273123e-09
7.93196751e-01 2.95385663e-04 2.95385663e-09
7.90417457e-01 2.95500778e-04 2.95500778e-09
7.87647902e-01 2.95604411e-04 2.95604411e-09
7.84888051e-01 2.95714581e-04 2.95714581e-09
7.82137870e-01 2.95828199e-04 2.95828199e-09
7.79397325e-01 2.95938420e-04 2.95938420e-09
7.76666383e-01 2.96049189e-04 2.96049189e-09
7.73945011e-01 2.96166401e-04 2.96166401e-09
7.71233173e-01 2.96274906e-04 2.96274906e-09
7.68530838e-01 2.96390158e-04 2.96390158e-09
7.65837971e-01 2.96508529e-04 2.96508529e-09
7.63154540e-01 2.96624744e-04 2.96624744e-09
7.60480511e-01 2.96742510e-04 2.96742510e-09
7.57815853e-01 2.96862631e-04 2.96862631e-09
7.55160530e-01 2.96977766e-04 2.96977766e-09
7.52514512e-01 2.97099230e-04 2.97099230e-09
7.49877765e-01 2.97213169e-04 2.97213169e-09
7.47250257e-01 2.97328951e-04 2.97328951e-09
7.44631956e-01 2.97442550e-04 2.97442550e-09
7.42022829e-01 2.97556122e-04 2.97556122e-09
7.39422844e-01 2.97676604e-04 2.97676604e-09
7.36831970e-01 2.97799350e-04 2.97799350e-09
7.34250173e-01 2.97914813e-04 2.97914813e-09
7.31677423e-01 2.98042114e-04 2.98042114e-09
7.29113688e-01 2.98156879e-04 2.98156879e-09
7.26558935e-01 2.98279458e-04 2.98279458e-09
7.24013135e-01 2.98401378e-04 2.98401378e-09
7.21476254e-01 2.98526641e-04 2.98526641e-09
7.18948263e-01 2.98643798e-04 2.98643798e-09
7.16429129e-01 2.98786286e-04 2.98786286e-09
7.13918823e-01 2.98875903e-04 2.98875903e-09
7.11417312e-01 2.98998590e-04 2.98998590e-09
7.08924566e-01 2.99123026e-04 2.99123026e-09
7.06440555e-01 2.99245779e-04 2.99245779e-09
7.03965247e-01 2.99369632e-04 2.99369632e-09
7.01498613e-01 2.99492167e-04 2.99492167e-09
6.99040622e-01 2.99617695e-04 2.99617695e-09
6.96591243e-01 2.99744267e-04 2.99744267e-09
6.94150446e-01 2.99872286e-04 2.99872286e-09
6.91718202e-01 2.99998458e-04 2.99998458e-09
6.89294480e-01 3.00119928e-04 3.00119928e-09
6.86879251e-01 3.00248010e-04 3.00248010e-09
6.84472485e-01 3.00374650e-04 3.00374650e-09
6.82074152e-01 3.00501933e-04 3.00501933e-09
6.79684222e-01 3.00630835e-04 3.00630835e-09
6.77302666e-01 3.00758635e-04 3.00758635e-09
6.74929455e-01 3.00887012e-04 3.00887012e-09
6.72564560e-01 3.01016440e-04 3.01016440e-09
6.70207951e-01 3.01145348e-04 3.01145348e-09
6.67859599e-01 3.01274355e-04 3.01274355e-09
6.65519476e-01 3.01405057e-04 3.01405057e-09
6.63187553e-01 3.01534741e-04 3.01534741e-09
6.60863800e-01 3.01665021e-04 3.01665021e-09
6.58548189e-01 3.01797018e-04 3.01797018e-09
6.56240692e-01 3.01927065e-04 3.01927065e-09
6.53941281e-01 3.02057723e-04 3.02057723e-09
6.51649926e-01 3.02190687e-04 3.02190687e-09
6.49366600e-01 3.02321881e-04 3.02321881e-09
6.47091275e-01 3.02453809e-04 3.02453809e-09
6.44823922e-01 3.02585812e-04 3.02585812e-09
6.42564514e-01 3.02717495e-04 3.02717495e-09
6.40313023e-01 3.02849737e-04 3.02849737e-09
6.38069421e-01 3.02983821e-04 3.02983821e-09
6.35833680e-01 3.03116565e-04 3.03116565e-09
6.33605773e-01 3.03249872e-04 3.03249872e-09
6.31385672e-01 3.03383119e-04 3.03383119e-09
6.29173350e-01 3.03516927e-04 3.03516927e-09
6.26968780e-01 3.03652134e-04 3.03652134e-09
6.24771935e-01 3.03786325e-04 3.03786325e-09
6.22582787e-01 3.03920522e-04 3.03920522e-09
6.20401310e-01 3.04056451e-04 3.04056451e-09
6.18227477e-01 3.04191086e-04 3.04191086e-09
6.16061261e-01 3.04326138e-04 3.04326138e-09
6.13902634e-01 3.04462409e-04 3.04462409e-09
6.11751572e-01 3.04597714e-04 3.04597714e-09
6.09608046e-01 3.04733541e-04 3.04733541e-09
6.07472032e-01 3.04870662e-04 3.04870662e-09
6.05343501e-01 3.05006525e-04 3.05006525e-09
6.03222429e-01 3.05142673e-04 3.05142673e-09
6.01108789e-01 3.05280715e-04 3.05280715e-09
5.99002555e-01 3.05417534e-04 3.05417534e-09
5.96903701e-01 3.05554315e-04 3.05554315e-09
5.94812201e-01 3.05692750e-04 3.05692750e-09
5.92728030e-01 3.05829621e-04 3.05829621e-09
5.90651162e-01 3.05967609e-04 3.05967609e-09
5.88581570e-01 3.06106220e-04 3.06106220e-09
5.86519230e-01 3.06243319e-04 3.06243319e-09
5.84464117e-01 3.06380972e-04 3.06380972e-09
5.82416204e-01 3.06519151e-04 3.06519151e-09
5.80375468e-01 3.06657514e-04 3.06657514e-09
5.78341881e-01 3.06797162e-04 3.06797162e-09
5.76315421e-01 3.06935835e-04 3.06935835e-09
5.74296061e-01 3.07074699e-04 3.07074699e-09
5.72283776e-01 3.07215043e-04 3.07215043e-09
5.70278542e-01 3.07354171e-04 3.07354171e-09
5.68280335e-01 3.07493602e-04 3.07493602e-09
5.66289129e-01 3.07634322e-04 3.07634322e-09
5.64304900e-01 3.07773977e-04 3.07773977e-09
5.62327624e-01 3.07913810e-04 3.07913810e-09
5.60357276e-01 3.08055154e-04 3.08055154e-09
5.58393831e-01 3.08195311e-04 3.08195311e-09
5.56437267e-01 3.08335618e-04 3.08335618e-09
5.54487558e-01 3.08477433e-04 3.08477433e-09
5.52544681e-01 3.08618060e-04 3.08618060e-09
5.50608611e-01 3.08758790e-04 3.08758790e-09
5.48679326e-01 3.08901053e-04 3.08901053e-09
5.46756800e-01 3.09042146e-04 3.09042146e-09
5.44841011e-01 3.09183346e-04 3.09183346e-09
5.42931934e-01 3.09326037e-04 3.09326037e-09
5.41029547e-01 3.09467532e-04 3.09467532e-09
5.39133825e-01 3.09609128e-04 3.09609128e-09
5.37244746e-01 3.09750935e-04 3.09750935e-09
5.35362287e-01 3.09892848e-04 3.09892848e-09
5.33486423e-01 3.10036248e-04 3.10036248e-09
5.31617132e-01 3.10178480e-04 3.10178480e-09
5.29754391e-01 3.10320799e-04 3.10320799e-09
5.27898176e-01 3.10464643e-04 3.10464643e-09
5.26048466e-01 3.10607232e-04 3.10607232e-09
5.24205237e-01 3.10749961e-04 3.10749961e-09
5.22368466e-01 3.10894199e-04 3.10894199e-09
5.20538132e-01 3.11037207e-04 3.11037207e-09
5.18714210e-01 3.11180338e-04 3.11180338e-09
5.16896680e-01 3.11324987e-04 3.11324987e-09
5.15085518e-01 3.11468381e-04 3.11468381e-09
5.13280702e-01 3.11611906e-04 3.11611906e-09
5.11482210e-01 3.11756920e-04 3.11756920e-09
5.09690020e-01 3.11900683e-04 3.11900683e-09
5.07904110e-01 3.12044579e-04 3.12044579e-09
5.06124457e-01 3.12189978e-04 3.12189978e-09
5.04351040e-01 3.12334148e-04 3.12334148e-09
5.02583837e-01 3.12478384e-04 3.12478384e-09
5.00822826e-01 3.12624093e-04 3.12624093e-09
4.99067985e-01 3.12768596e-04 3.12768596e-09
4.97319294e-01 3.12913201e-04 3.12913201e-09
4.95576729e-01 3.13059313e-04 3.13059313e-09
4.93840270e-01 3.13204194e-04 3.13204194e-09
4.92109896e-01 3.13349132e-04 3.13349132e-09
4.90385585e-01 3.13494216e-04 3.13494216e-09
4.88667316e-01 3.13639415e-04 3.13639415e-09
4.86955067e-01 3.13786114e-04 3.13786114e-09
4.85248818e-01 3.13931544e-04 3.13931544e-09
4.83548547e-01 3.14077084e-04 3.14077084e-09
4.81854234e-01 3.14224125e-04 3.14224125e-09
4.80165858e-01 3.14369890e-04 3.14369890e-09
4.78483398e-01 3.14515767e-04 3.14515767e-09
4.76806833e-01 3.14663143e-04 3.14663143e-09
4.75136142e-01 3.14809235e-04 3.14809235e-09
4.73471306e-01 3.14955443e-04 3.14955443e-09
4.71812302e-01 3.15103136e-04 3.15103136e-09
4.70159112e-01 3.15249562e-04 3.15249562e-09
4.68511715e-01 3.15396077e-04 3.15396077e-09
4.66870090e-01 3.15544118e-04 3.15544118e-09
4.65234217e-01 3.15690849e-04 3.15690849e-09
4.63604075e-01 3.15837668e-04 3.15837668e-09
4.61979646e-01 3.15986008e-04 3.15986008e-09
4.60360909e-01 3.16133056e-04 3.16133056e-09
4.58747843e-01 3.16280212e-04 3.16280212e-09
4.57140430e-01 3.16428863e-04 3.16428863e-09
4.55538649e-01 3.16576212e-04 3.16576212e-09
4.53942480e-01 3.16723665e-04 3.16723665e-09
4.52351904e-01 3.16871219e-04 3.16871219e-09
4.50766902e-01 3.17018872e-04 3.17018872e-09
4.49187453e-01 3.17168035e-04 3.17168035e-09
4.47613538e-01 3.17315887e-04 3.17315887e-09
4.46045139e-01 3.17463837e-04 3.17463837e-09
4.44482234e-01 3.17613296e-04 3.17613296e-09
4.42924807e-01 3.17761444e-04 3.17761444e-09
4.41372836e-01 3.17909680e-04 3.17909680e-09
4.39826303e-01 3.18059431e-04 3.18059431e-09
4.38285189e-01 3.18207864e-04 3.18207864e-09
4.36749475e-01 3.18356393e-04 3.18356393e-09
4.35219142e-01 3.18506432e-04 3.18506432e-09
4.33694171e-01 3.18655151e-04 3.18655151e-09
4.32174544e-01 3.18803964e-04 3.18803964e-09
4.30660241e-01 3.18954288e-04 3.18954288e-09
4.29151244e-01 3.19103286e-04 3.19103286e-09
4.27647535e-01 3.19252377e-04 3.19252377e-09
4.26149094e-01 3.19402981e-04 3.19402981e-09
4.24655904e-01 3.19552255e-04 3.19552255e-09
4.23167946e-01 3.19701620e-04 3.19701620e-09
4.21685201e-01 3.19852497e-04 3.19852497e-09
4.20207652e-01 3.20002042e-04 3.20002042e-09
4.18735280e-01 3.20151676e-04 3.20151676e-09
4.17268068e-01 3.20301398e-04 3.20301398e-09
4.15805996e-01 3.20451208e-04 3.20451208e-09
4.14349047e-01 3.20602534e-04 3.20602534e-09
4.12897203e-01 3.20752521e-04 3.20752521e-09
4.11450447e-01 3.20902594e-04 3.20902594e-09
4.10008759e-01 3.21054184e-04 3.21054184e-09
4.08572123e-01 3.21204430e-04 3.21204430e-09
4.07140522e-01 3.21354762e-04 3.21354762e-09
4.05713936e-01 3.21506612e-04 3.21506612e-09
4.04292349e-01 3.21657114e-04 3.21657114e-09
4.02875743e-01 3.21807700e-04 3.21807700e-09
4.01464100e-01 3.21959805e-04 3.21959805e-09
4.00057404e-01 3.22110559e-04 3.22110559e-09
3.98655637e-01 3.22261395e-04 3.22261395e-09
3.97258782e-01 3.22413751e-04 3.22413751e-09
3.95866821e-01 3.22564752e-04 3.22564752e-09
3.94479737e-01 3.22715835e-04 3.22715835e-09
3.93097514e-01 3.22868439e-04 3.22868439e-09
3.91720134e-01 3.23019684e-04 3.23019684e-09
3.90347580e-01 3.23171010e-04 3.23171010e-09
3.88979835e-01 3.23323857e-04 3.23323857e-09
3.87616883e-01 3.23475343e-04 3.23475343e-09
3.86258706e-01 3.23626907e-04 3.23626907e-09
3.84905289e-01 3.23779995e-04 3.23779995e-09
3.83556613e-01 3.23931717e-04 3.23931717e-09
3.82212663e-01 3.24083516e-04 3.24083516e-09
3.80873423e-01 3.24235393e-04 3.24235393e-09
3.79538875e-01 3.24387347e-04 3.24387347e-09
3.78209003e-01 3.24540826e-04 3.24540826e-09
3.76883791e-01 3.24692933e-04 3.24692933e-09
3.75563222e-01 3.24845116e-04 3.24845116e-09
3.74247280e-01 3.24998825e-04 3.24998825e-09
3.72935950e-01 3.25151159e-04 3.25151159e-09
3.71629214e-01 3.25303568e-04 3.25303568e-09
3.70327057e-01 3.25457504e-04 3.25457504e-09
3.69029462e-01 3.25610062e-04 3.25610062e-09
3.67736415e-01 3.25762693e-04 3.25762693e-09
3.66447897e-01 3.25916853e-04 3.25916853e-09
3.65163895e-01 3.26069631e-04 3.26069631e-09
3.63884392e-01 3.26222482e-04 3.26222482e-09
3.62609372e-01 3.26376861e-04 3.26376861e-09
3.61338820e-01 3.26529857e-04 3.26529857e-09
3.60072719e-01 3.26682923e-04 3.26682923e-09
3.58811055e-01 3.26837520e-04 3.26837520e-09
3.57553812e-01 3.26990730e-04 3.26990730e-09
3.56300974e-01 3.27144010e-04 3.27144010e-09
3.55052525e-01 3.27298821e-04 3.27298821e-09
3.53808451e-01 3.27452242e-04 3.27452242e-09
3.52568737e-01 3.27605733e-04 3.27605733e-09
3.51333366e-01 3.27759293e-04 3.27759293e-09
3.50102324e-01 3.27912922e-04 3.27912922e-09
3.48875595e-01 3.28068084e-04 3.28068084e-09
3.47653165e-01 3.28221852e-04 3.28221852e-09
3.46435017e-01 3.28375687e-04 3.28375687e-09
3.45221139e-01 3.28531057e-04 3.28531057e-09
3.44011513e-01 3.28685029e-04 3.28685029e-09
3.42806126e-01 3.28839068e-04 3.28839068e-09
3.41604963e-01 3.28994643e-04 3.28994643e-09
3.40408008e-01 3.29148818e-04 3.29148818e-09
3.39215247e-01 3.29303060e-04 3.29303060e-09
3.38026666e-01 3.29458838e-04 3.29458838e-09
3.36842249e-01 3.29613214e-04 3.29613214e-09
3.35661983e-01 3.29767656e-04 3.29767656e-09
3.34485852e-01 3.29923636e-04 3.29923636e-09
3.33313842e-01 3.30078211e-04 3.30078211e-09
3.32145938e-01 3.30232852e-04 3.30232852e-09
3.30982127e-01 3.30389032e-04 3.30389032e-09
3.29822394e-01 3.30543805e-04 3.30543805e-09
3.28666724e-01 3.30698643e-04 3.30698643e-09
3.27515104e-01 3.30855022e-04 3.30855022e-09
3.26367519e-01 3.31009992e-04 3.31009992e-09
3.25223955e-01 3.31165027e-04 3.31165027e-09
3.24084398e-01 3.31320127e-04 3.31320127e-09
3.22948834e-01 3.31475292e-04 3.31475292e-09
3.21817249e-01 3.31632001e-04 3.31632001e-09
3.20689629e-01 3.31787296e-04 3.31787296e-09
3.19565959e-01 3.31942657e-04 3.31942657e-09
3.18446227e-01 3.32099563e-04 3.32099563e-09
3.17330419e-01 3.32255055e-04 3.32255055e-09
3.16218520e-01 3.32410611e-04 3.32410611e-09
3.15110517e-01 3.32567714e-04 3.32567714e-09
3.14006397e-01 3.32723401e-04 3.32723401e-09
3.12906145e-01 3.32879153e-04 3.32879153e-09
3.11809749e-01 3.33036455e-04 3.33036455e-09
3.10717194e-01 3.33192338e-04 3.33192338e-09
3.09628467e-01 3.33348286e-04 3.33348286e-09
3.08543556e-01 3.33505786e-04 3.33505786e-09
3.07462445e-01 3.33661866e-04 3.33661866e-09
3.06385123e-01 3.33818011e-04 3.33818011e-09
3.05311576e-01 3.33975711e-04 3.33975711e-09
3.04241790e-01 3.34131989e-04 3.34131989e-09
3.03175752e-01 3.34288333e-04 3.34288333e-09
3.02113450e-01 3.34446234e-04 3.34446234e-09
3.01054871e-01 3.34602712e-04 3.34602712e-09
3.00000000e-01 3.34720486e-04 3.34720486e-09
