2.72575 1.2492 0.15911 -0.15914
2.72711 1.63952 0.15841 -0.15631
2.72847 1.36558 0.15404 -0.15224
2.72983 1.52384 0.13777 -0.13855
2.73119 1.53327 0.1316 -0.13387
2.73255 1.7824 0.13158 -0.13162
2.73391 1.57913 0.12669 -0.12641
2.73527 1.50178 0.12461 -0.1262
2.73663 1.47037 0.12154 -0.11973
2.73799 1.55548 0.11743 -0.11803
2.73935 1.43924 0.11436 -0.11452
2.74071 1.4613 0.10572 -0.10639
2.74207 1.37454 0.10655 -0.10551
2.74343 1.57102 0.09983 -0.09796
2.74479 1.42619 0.09699 -0.09833
2.74615 1.4952 0.0968 -0.09712
2.74751 1.63381 0.09284 -0.09062
2.74887 1.6073 0.09303 -0.09007
2.75023 1.56634 0.08641 -0.08557
2.75159 1.56161 0.08417 -0.08363
2.75295 1.55504 0.08642 -0.08708
2.75431 1.4807 0.08161 -0.08205
2.75567 1.45964 0.07614 -0.07756
2.75703 1.41831 0.07699 -0.07681
2.75839 1.41682 0.0755 -0.07626
2.75975 1.62033 0.07255 -0.07056
2.76111 1.51317 0.12376 -0.12272
2.76246 1.53495 0.06732 -0.0676
2.76382 1.50674 0.06653 -0.0669
2.76518 1.55126 0.06604 -0.06586
2.76654 1.50303 0.06476 -0.06434
2.7679 1.58572 0.06243 -0.06173
2.76926 1.57996 0.06012 -0.05953
2.77062 1.47128 0.05818 -0.05811
2.77198 1.5743 0.05737 -0.05757
2.77334 1.55585 0.05686 -0.05693
2.7747 1.50294 0.05583 -0.05613
2.77606 1.60985 0.05531 -0.05483
2.77742 1.48195 0.05478 -0.05447
2.77878 1.52591 0.05361 -0.05346
2.78014 1.45792 0.05431 -0.05458
2.7815 1.36729 0.05079 -0.05125
2.78286 1.4952 0.05054 -0.05053
2.78422 1.54984 0.04962 -0.04927
2.78558 1.49489 0.04895 -0.04833
2.78694 1.55084 0.04797 -0.04784
2.7883 1.53318 0.04723 -0.04711
2.78966 1.41539 0.04588 -0.04647
2.79101 1.48351 0.04486 -0.04543
2.79237 1.4901 0.04437 -0.04437
2.79373 1.53649 0.04474 -0.04479
2.79509 1.48544 0.04304 -0.04337
2.79645 1.52752 0.04387 -0.04386
2.79781 1.53767 0.04482 -0.04479
2.79917 1.54687 0.04349 -0.04298
2.80053 1.46973 0.04102 -0.04189
2.80189 1.50865 0.04102 -0.04116
2.80325 1.58122 0.04344 -0.04311
2.80461 1.48947 0.04299 -0.0426
2.80597 1.49174 0.04178 -0.04185
2.80733 1.46109 0.04038 -0.04015
2.80868 1.54303 0.04173 -0.0414
2.81004 1.48571 0.03984 -0.04009
2.8114 1.59549 0.03921 -0.03929
2.81276 1.56346 0.03923 -0.03939
2.81412 1.45184 0.04019 -0.03999
2.81548 1.53437 0.03829 -0.03835
2.81684 1.54372 0.03846 -0.03779
2.8182 1.55125 0.03842 -0.03837
2.81956 1.44893 0.03829 -0.03854
2.82092 1.51854 0.03755 -0.03796
2.82228 1.50639 0.03665 -0.03694
2.82363 1.44436 0.03732 -0.03695
2.82499 1.48978 0.03669 -0.0373
2.82635 1.55339 0.03655 -0.03703
2.82771 1.49027 0.0363 -0.03632
2.82907 1.45525 0.03694 -0.03687
2.83043 1.52316 0.03646 -0.03594
2.83179 1.55351 0.03659 -0.03625
2.83315 1.5016 0.03552 -0.03542
2.83451 1.48245 0.03526 -0.03487
2.83586 1.51233 0.03505 -0.03534
2.83722 1.48731 0.03545 -0.03587
2.83858 1.50693 0.03555 -0.03556
2.83994 1.49758 0.03584 -0.03575
2.8413 1.50342 0.03651 -0.03591
2.84266 1.50392 0.03526 -0.03599
2.84402 1.50936 0.03551 -0.03573
2.84538 1.52678 0.03506 -0.03514
2.84673 1.47448 0.03449 -0.03452
2.84809 1.50946 0.03377 -0.03347
2.84945 1.48178 0.03489 -0.03469
2.85081 1.5017 0.03504 -0.03506
2.85217 1.46375 0.03347 -0.034
2.85353 1.54331 0.03391 -0.03375
2.85489 1.50167 0.03315 -0.033
2.85625 1.49826 0.03489 -0.03545
2.8576 1.49551 0.0342 -0.0343
2.85896 1.54465 0.03384 -0.03407
2.86032 1.52698 0.03374 -0.03337
2.86168 1.49671 0.03255 -0.03261
2.86304 1.54926 0.03302 -0.03273
2.8644 1.50617 0.03315 -0.03279
2.86576 1.54468 0.03295 -0.03311
2.86711 1.47801 0.03338 -0.03361
2.86847 1.54083 0.03344 -0.03359
2.86983 1.48087 0.03409 -0.0342
2.87119 1.50679 0.03356 -0.03328
2.87255 1.48139 0.03349 -0.03368
2.87391 1.51551 0.03372 -0.03353
2.87526 1.50209 0.03408 -0.03396
2.87662 1.55597 0.03358 -0.03391
2.87798 1.44859 0.03287 -0.03342
2.87934 1.47392 0.0331 -0.0328
2.8807 1.42057 0.03301 -0.03285
2.88206 1.5355 0.03331 -0.03405
2.88341 1.52882 0.03378 -0.034
2.88477 1.48032 0.03318 -0.03327
2.88613 1.52639 0.03361 -0.03308
2.88749 1.54395 0.03262 -0.03253
2.88885 1.57952 0.03324 -0.03355
2.89021 1.51939 0.03286 -0.03243
2.89156 1.51106 0.03249 -0.0326
2.89292 1.45522 0.03299 -0.03312
2.89428 1.48801 0.03285 -0.03246
2.89564 1.46821 0.0339 -0.03324
2.897 1.49144 0.03217 -0.03239
2.89835 1.51602 0.03251 -0.0325
2.89971 1.53456 0.03238 -0.03223
2.90107 1.52088 0.03356 -0.03352
2.90243 1.45837 0.03275 -0.03317
2.90379 1.49997 0.0328 -0.03274
2.90514 1.47897 0.03233 -0.03274
2.9065 1.47526 0.03209 -0.03181
2.90786 1.60236 0.03265 -0.03248
2.90922 1.51081 0.0317 -0.03171
2.91058 1.47384 0.0325 -0.03228
2.91193 1.56555 0.03126 -0.03147
2.91329 1.48702 0.0323 -0.03208
2.91465 1.45657 0.03217 -0.03208
2.91601 1.49274 0.03131 -0.03149
2.91737 1.50271 0.03107 -0.03102
2.91872 1.53079 0.03145 -0.03177
2.92008 1.54484 0.03128 -0.03135
2.92144 1.50045 0.03152 -0.03157
2.9228 1.47023 0.03139 -0.0314
2.92416 1.48506 0.03139 -0.03107
2.92551 1.50994 0.03148 -0.03129
2.92687 1.51737 0.03119 -0.03146
2.92823 1.51999 0.03088 -0.03083
2.92959 1.48297 0.03029 -0.03001
2.93094 1.51278 0.03089 -0.03054
2.9323 1.51931 0.03073 -0.03049
2.93366 1.52889 0.03144 -0.03132
2.93502 1.52175 0.03084 -0.03037
2.93637 1.50877 0.03014 -0.03062
2.93773 1.50576 0.03054 -0.03027
2.93909 1.50348 0.03097 -0.03035
2.94045 1.53731 0.03031 -0.03027
2.94181 1.50303 0.03113 -0.03076
2.94316 1.48658 0.02933 -0.029
2.94452 1.51816 0.0301 -0.02992
2.94588 1.49514 0.03014 -0.02991
2.94724 1.53785 0.03053 -0.03029
2.94859 1.48116 0.03077 -0.03112
2.94995 1.4482 0.02904 -0.0287
2.95131 1.49692 0.03031 -0.03022
2.95267 1.52645 0.03019 -0.03023
2.95402 1.5297 0.03042 -0.03046
2.95538 1.46138 0.02981 -0.03
2.95674 1.52192 0.02942 -0.02947
2.95809 1.4762 0.03002 -0.03027
2.95945 1.48377 0.02961 -0.03008
2.96081 1.52342 0.02955 -0.02921
2.96217 1.48779 0.0298 -0.02977
2.96352 1.50214 0.02961 -0.02959
2.96488 1.51172 0.02964 -0.02986
2.96624 1.51737 0.02946 -0.0292
2.9676 1.4664 0.0298 -0.02958
2.96895 1.52641 0.03013 -0.02971
2.97031 1.47938 0.02984 -0.02977
2.97167 1.46832 0.02938 -0.02945
2.97302 1.53872 0.02986 -0.02991
2.97438 1.54526 0.02943 -0.02941
2.97574 1.52424 0.02907 -0.02961
2.9771 1.57036 0.02919 -0.02891
2.97845 1.51933 0.02912 -0.02895
2.97981 1.47968 0.02953 -0.02924
2.98117 1.48303 0.03398 -0.03422
2.98252 1.50911 0.02928 -0.0287
2.98388 1.55404 0.02959 -0.02943
2.98524 1.50871 0.02837 -0.02859
2.9866 1.49717 0.02798 -0.02817
2.98795 1.54359 0.02939 -0.02925
2.98931 1.5043 0.02904 -0.02849
2.99067 1.50967 0.02891 -0.02859
2.99202 1.48282 0.02945 -0.02955
2.99338 1.52539 0.02877 -0.02857
2.99474 1.50465 0.02958 -0.02938
2.99609 1.53493 0.02936 -0.02928
2.99745 1.47739 0.02904 -0.02881
2.99881 1.50515 0.02936 -0.02926
3.00016 1.50339 0.02953 -0.02925
3.00152 1.49314 0.03023 -0.02993
3.00288 1.50531 0.02978 -0.0295
3.00424 1.4958 0.0289 -0.02881
3.00559 1.52108 0.02919 -0.02942
3.00695 1.48157 0.02896 -0.02926
3.00831 1.50397 0.02905 -0.02902
3.00966 1.40386 0.02965 -0.0292
3.01102 1.50729 0.02926 -0.02943
3.01238 1.49336 0.02929 -0.02908
3.01373 1.53124 0.02894 -0.02846
3.01509 1.51222 0.02867 -0.02882
3.01645 1.52268 0.02955 -0.02997
3.0178 1.48146 0.02905 -0.02909
3.01916 1.46889 0.02921 -0.02942
3.02052 1.50074 0.02971 -0.02956
3.02187 1.49556 0.02892 -0.029
3.02323 1.53438 0.02896 -0.02889
3.02459 1.45216 0.0289 -0.0291
3.02594 1.50031 0.02916 -0.02922
3.0273 1.4677 0.02903 -0.02918
3.02865 1.45359 0.02893 -0.02881
3.03001 1.48201 0.02978 -0.02989
3.03137 1.45326 0.02981 -0.0295
3.03272 1.51953 0.02861 -0.02832
3.03408 1.54329 0.02904 -0.02861
3.03544 1.46104 0.02982 -0.02968
3.03679 1.47856 0.02931 -0.02968
3.03815 1.5586 0.02968 -0.02956
3.03951 1.52457 0.02954 -0.0299
3.04086 1.51905 0.02966 -0.02958
3.04222 1.47406 0.02876 -0.02916
3.04357 1.52134 0.02904 -0.02939
3.04493 1.49653 0.02943 -0.0296
3.04629 1.49239 0.02766 -0.02832
3.04764 1.50632 0.02885 -0.02863
3.049 1.51206 0.02924 -0.02947
3.05036 1.52155 0.02879 -0.0289
3.05171 1.47598 0.02937 -0.02933
3.05307 1.5018 0.02978 -0.02969
3.05442 1.47031 0.02849 -0.02867
3.05578 1.49369 0.02873 -0.02861
3.05714 1.4982 0.02822 -0.02846
3.05849 1.53165 0.02883 -0.02928
3.05985 1.44556 0.02943 -0.0294
3.0612 1.50505 0.02827 -0.02826
3.06256 1.52953 0.02944 -0.02922
3.06392 1.49249 0.02834 -0.02893
3.06527 1.5351 0.0294 -0.0293
3.06663 1.48972 0.02896 -0.02849
3.06798 1.4979 0.04514 -0.04451
3.06934 1.51498 0.0282 -0.02826
3.0707 1.48201 0.02851 -0.02858
3.07205 1.57736 0.02905 -0.02937
3.07341 1.49899 0.0277 -0.02754
3.07476 1.48537 0.02876 -0.02895
3.07612 1.49397 0.02815 -0.0278
3.07748 1.48177 0.02861 -0.02874
3.07883 1.49532 0.02818 -0.02834
3.08019 1.51863 0.02839 -0.02855
3.08154 1.50948 0.02906 -0.02872
3.0829 1.49897 0.02889 -0.02877
3.08425 1.53942 0.02871 -0.02827
3.08561 1.53714 0.029 -0.02929
3.08697 1.57658 0.02941 -0.029
3.08832 1.50397 0.02862 -0.02856
3.08968 1.50345 0.02935 -0.02926
3.09103 1.48247 0.02938 -0.02901
3.09239 1.48614 0.02915 -0.02908
3.09374 1.50149 0.02867 -0.02885
3.0951 1.50918 0.029 -0.02856
3.09646 1.51033 0.02931 -0.02894
3.09781 1.49422 0.02816 -0.02835
3.09917 1.50847 0.02883 -0.02924
3.10052 1.52143 0.02891 -0.02882
3.10188 1.48371 0.02906 -0.02877
3.10323 1.48679 0.02853 -0.02854
3.10459 1.55811 0.0283 -0.02878
3.10594 1.4581 0.0288 -0.02865
3.1073 1.44677 0.02832 -0.02797
3.10865 1.49218 0.02866 -0.02875
3.11001 1.51798 0.02958 -0.02936
3.11137 1.47351 0.02658 -0.02614
3.11272 1.47824 0.02854 -0.02811
3.11408 1.4956 0.02979 -0.0294
3.11543 1.52582 0.02932 -0.02836
3.11679 1.48123 0.02788 -0.02804
3.11814 1.52755 0.02903 -0.02937
3.1195 1.4816 0.0284 -0.0282
3.12085 1.51866 0.02947 -0.02905
3.12221 1.56394 0.02915 -0.02898
3.12356 1.50224 0.02942 -0.02956
3.12492 1.54311 0.02968 -0.03015
3.12627 1.51685 0.03006 -0.02951
3.12763 1.48644 0.02916 -0.02923
3.12898 1.48158 0.02894 -0.0289
3.13034 1.49029 0.02845 -0.02886
3.13169 1.53504 0.02912 -0.02878
3.13305 1.45917 0.02879 -0.02934
3.1344 1.48712 0.0284 -0.02819
3.13576 1.47431 0.02955 -0.02935
3.13711 1.47554 0.02929 -0.02961
3.13847 1.46619 0.02897 -0.02929
3.13982 1.45076 0.02831 -0.02854
3.14118 1.46111 0.02923 -0.02875
3.14253 1.46203 0.02853 -0.02839
3.14389 1.51359 0.02881 -0.02929
3.14524 1.49066 0.02881 -0.0292
3.1466 1.45165 0.02906 -0.02926
3.14795 1.49004 0.02859 -0.02883
3.14931 1.49369 0.02971 -0.02957
3.15066 1.49411 0.02805 -0.02841
3.15202 1.53297 0.02855 -0.0288
3.15337 1.49233 0.02856 -0.02867
3.15473 1.49206 0.02895 -0.0292
3.15608 1.50637 0.02922 -0.02863
3.15744 1.50511 0.02809 -0.0284
3.15879 1.49702 0.02822 -0.02808
3.16015 1.50995 0.02886 -0.02908
3.1615 1.49702 0.02871 -0.02908
3.16286 1.5369 0.02899 -0.02885
3.16421 1.52338 0.02864 -0.02846
3.16556 1.47984 0.02843 -0.02867
3.16692 1.51166 0.0284 -0.02869
3.16827 1.49545 0.02785 -0.02767
3.16963 1.48698 0.02868 -0.0289
3.17098 1.46288 0.02895 -0.02849
3.17234 1.51275 0.0288 -0.02891
3.17369 1.50001 0.02899 -0.02904
3.17505 1.51062 0.02877 -0.02908
3.1764 1.49361 0.02804 -0.02812
3.17776 1.55614 0.02959 -0.02929
3.17911 1.46976 0.02937 -0.02913
3.18046 1.54261 0.02964 -0.02931
3.18182 1.50004 0.0288 -0.02901
3.18317 1.50489 0.02907 -0.02947
3.18453 1.46839 0.02855 -0.02783
3.18588 1.54215 0.02895 -0.02857
3.18724 1.46509 0.02862 -0.02842
3.18859 1.57518 0.02842 -0.02878
3.18994 1.49718 0.02813 -0.02854
3.1913 1.4893 0.02897 -0.02894
3.19265 1.47311 0.02869 -0.02855
3.19401 1.52191 0.02925 -0.0289
3.19536 1.48651 0.03005 -0.03027
3.19672 1.50181 0.02852 -0.02894
3.19807 1.47152 0.02922 -0.02846
3.19942 1.49982 0.02896 -0.02889
3.20078 1.43773 0.02941 -0.02862
3.20213 1.49368 0.02879 -0.02828
3.20349 1.50834 0.02916 -0.02895
3.20484 1.47061 0.02904 -0.02937
3.20619 1.44461 0.02952 -0.02885
3.20755 1.50036 0.02932 -0.02916
3.2089 1.55058 0.02907 -0.0292
3.21026 1.46012 0.02568 -0.02612
3.21161 1.51035 0.02999 -0.0304
3.21296 1.53579 0.02995 -0.03022
3.21432 1.49493 0.02954 -0.02937
3.21567 1.48714 0.02973 -0.02977
3.21703 1.52998 0.03024 -0.03002
3.21838 1.50536 0.03078 -0.03065
3.21973 1.49127 0.03051 -0.03011
3.22109 1.47024 0.02957 -0.02913
3.22244 1.46963 0.02921 -0.02944
3.22379 1.55522 0.03017 -0.03027
3.22515 1.45383 0.11573 -0.11509
3.2265 1.52239 0.03879 -0.03898
3.22786 1.4819 0.02953 -0.02926
3.22921 1.50029 0.03069 -0.03058
3.23056 1.51398 0.02969 -0.02975
3.23192 1.47129 0.02955 -0.02972
3.23327 1.43272 0.02945 -0.02912
3.23462 1.52123 0.02996 -0.02965
3.23598 1.48964 0.03122 -0.03183
3.23733 1.52876 0.02926 -0.02976
3.23868 1.43955 0.03014 -0.03026
3.24004 1.47014 0.02943 -0.02933
3.24139 1.42123 0.02985 -0.02952
3.24275 1.53274 0.02891 -0.02911
3.2441 1.52553 0.03009 -0.02949
3.24545 1.54466 0.03004 -0.02986
3.24681 1.47976 0.02955 -0.02927
3.24816 1.49152 0.02981 -0.02956
3.24951 1.49571 0.03026 -0.0305
3.25087 1.44623 0.02977 -0.02945
3.25222 1.51742 0.0291 -0.02898
3.25357 1.48897 0.02928 -0.02925
3.25493 1.50143 0.02938 -0.02927
3.25628 1.46602 0.02902 -0.029
3.25763 1.53249 0.03013 -0.03002
3.25899 1.50881 0.02905 -0.0291
3.26034 1.46359 0.02913 -0.02914
3.26169 1.44516 0.02912 -0.02906
3.26305 1.54929 0.02926 -0.0292
3.2644 1.49831 0.03167 -0.03152
3.26575 1.48628 0.02936 -0.02929
3.2671 1.525 0.03193 -0.03217
3.26846 1.54926 0.03269 -0.03271
3.26981 1.43851 0.03205 -0.03201
3.27116 1.47838 0.02945 -0.02933
3.27252 1.48471 0.02931 -0.02915
3.27387 1.45574 0.02911 -0.02937
3.27522 1.5089 0.0297 -0.02923
3.27658 1.51371 0.02899 -0.02928
3.27793 1.51195 0.02999 -0.03004
3.27928 1.46556 0.02937 -0.02912
3.28064 1.57517 0.02989 -0.02949
3.28199 1.49568 0.02966 -0.02968
3.28334 1.46633 0.03051 -0.03026
3.28469 1.46014 0.02965 -0.02925
3.28605 1.49733 0.02937 -0.02937
3.2874 1.50214 0.0309 -0.03098
3.28875 1.48966 0.02942 -0.0291
3.29011 1.50963 0.02981 -0.02921
3.29146 1.46471 0.02936 -0.0294
3.29281 1.49547 0.02926 -0.02956
3.29416 1.44932 0.03077 -0.03057
3.29552 1.50297 0.03014 -0.03052
3.29687 1.49121 0.0298 -0.03025
3.29822 1.48031 0.03074 -0.03074
3.29957 1.51489 0.03035 -0.02958
3.30093 1.47379 0.02945 -0.02969
3.30228 1.48196 0.02921 -0.02931
3.30363 1.55188 0.02958 -0.02977
3.30498 1.39908 0.02914 -0.0293
3.30634 1.47078 0.02956 -0.02957
3.30769 1.45874 0.02955 -0.02938
3.30904 1.459 0.02949 -0.02973
3.31039 1.46203 0.02966 -0.02963
3.31175 1.50268 0.0299 -0.02974
3.3131 1.51123 0.02992 -0.02958
3.31445 1.4427 0.02975 -0.02958
3.3158 1.54476 0.03052 -0.03017
3.31716 1.4692 0.0299 -0.0301
3.31851 1.4752 0.03028 -0.03014
3.31986 1.5363 0.02985 -0.03034
3.32121 1.54999 0.02987 -0.03009
3.32257 1.47612 0.03019 -0.03041
3.32392 1.51258 0.02932 -0.02905
3.32527 1.4476 0.02995 -0.02935
3.32662 1.49927 0.02987 -0.02953
3.32797 1.48105 0.0296 -0.02943
3.32933 1.50977 0.02935 -0.02946
3.33068 1.47741 0.02992 -0.03037
3.33203 1.47467 0.03016 -0.02994
3.33338 1.52639 0.02965 -0.02929
3.33474 1.54155 0.02912 -0.02869
3.33609 1.5413 0.03014 -0.0299
3.33744 1.46289 0.03077 -0.03033
3.33879 1.49302 0.02969 -0.03024
3.34014 1.47284 0.02972 -0.02976
3.3415 1.51559 0.02969 -0.02931
3.34285 1.41654 0.02891 -0.02875
3.3442 1.47319 0.03007 -0.03011
3.34555 1.47026 0.02993 -0.02945
3.3469 1.46266 0.02956 -0.03008
3.34826 1.48948 0.02964 -0.02977
3.34961 1.44538 0.03052 -0.03067
3.35096 1.49087 0.03044 -0.03032
3.35231 1.46234 0.04054 -0.04077
3.35366 1.50003 0.03068 -0.03025
3.35501 1.47452 0.03009 -0.02965
3.35637 1.52784 0.03015 -0.03054
3.35772 1.45124 0.03 -0.0303
3.35907 1.48107 0.03019 -0.03
3.36042 1.41451 0.02929 -0.02855
3.36177 1.48566 0.03018 -0.03026
3.36312 1.50783 0.03049 -0.03078
3.36448 1.52289 0.0314 -0.03113
3.36583 1.49969 0.03058 -0.03069
3.36718 1.47368 0.02937 -0.0297
3.36853 1.4569 0.02996 -0.02974
3.36988 1.51387 0.03043 -0.03036
3.37123 1.47604 0.0605 -0.05955
3.37259 1.51011 0.03118 -0.03114
3.37394 1.5101 0.0312 -0.0313
3.37529 1.514 0.03021 -0.03053
3.37664 1.51869 0.0304 -0.03025
3.37799 1.51169 0.03064 -0.03029
3.37934 1.49284 0.03072 -0.03073
3.38069 1.47796 0.03058 -0.03114
3.38205 1.45146 0.02916 -0.02931
3.3834 1.49743 0.0298 -0.03012
3.38475 1.49551 0.03059 -0.03058
3.3861 1.48357 0.03004 -0.03
3.38745 1.47066 0.03044 -0.0306
3.3888 1.52682 0.0303 -0.03035
3.39015 1.4776 0.03001 -0.0296
3.3915 1.4883 0.03035 -0.0309
3.39286 1.47697 0.03133 -0.03118
3.39421 1.52697 0.0304 -0.03
3.39556 1.51767 0.03009 -0.0298
3.39691 1.52827 0.03053 -0.03004
3.39826 1.48747 0.03149 -0.03154
3.39961 1.48096 0.03104 -0.03085
3.40096 1.48343 0.03026 -0.03014
3.40231 1.45913 0.03022 -0.03006
3.40366 1.47198 0.02976 -0.02979
3.40502 1.48214 0.03035 -0.03064
3.40637 1.46418 0.03131 -0.03134
3.40772 1.51388 0.0303 -0.0301
3.40907 1.47508 0.03035 -0.03025
3.41042 1.47342 0.03033 -0.03065
3.41177 1.42278 0.03113 -0.03128
3.41312 1.55346 0.03155 -0.03106
3.41447 1.55564 0.03058 -0.03076
3.41582 1.50851 0.03068 -0.03037
3.41717 1.4512 0.03001 -0.03043
3.41852 1.47061 0.03039 -0.03032
3.41988 1.4741 0.02714 -0.02692
3.42123 1.52341 0.03081 -0.03111
3.42258 1.49903 0.03048 -0.03056
3.42393 1.54285 0.03052 -0.03037
3.42528 1.44849 0.03082 -0.03081
3.42663 1.542 0.03127 -0.0312
3.42798 1.47096 0.02982 -0.0298
3.42933 1.46817 0.03219 -0.03219
3.43068 1.47873 0.03129 -0.03108
3.43203 1.49999 0.03058 -0.03053
3.43338 1.50055 0.02966 -0.02969
3.43473 1.45594 0.03128 -0.03044
3.43608 1.56293 0.02944 -0.03024
3.43743 1.53829 0.02999 -0.03039
3.43878 1.54496 0.03059 -0.03016
3.44013 1.4922 0.0301 -0.03046
3.44148 1.44629 0.03125 -0.03072
3.44284 1.42606 0.03002 -0.03006
3.44419 1.48783 0.03139 -0.03122
3.44554 1.47373 0.0297 -0.02991
3.44689 1.49474 0.02999 -0.03021
3.44824 1.43807 0.03031 -0.03008
3.44959 1.47461 0.03043 -0.03065
3.45094 1.50831 0.03013 -0.02999
3.45229 1.51466 0.03024 -0.03048
3.45364 1.47771 0.03043 -0.03069
3.45499 1.52384 0.0305 -0.03027
3.45634 1.49321 0.0306 -0.031
3.45769 1.4708 0.03078 -0.03052
3.45904 1.49355 0.03057 -0.03057
3.46039 1.48451 0.03014 -0.03042
3.46174 1.45886 0.03149 -0.03172
3.46309 1.46747 0.03092 -0.03137
3.46444 1.48542 0.03079 -0.03117
3.46579 1.42078 0.03026 -0.02993
3.46714 1.48263 0.03084 -0.03125
3.46849 1.49611 0.03062 -0.03056
3.46984 1.5023 0.03064 -0.03091
3.47119 1.44372 0.03052 -0.03031
3.47254 1.47244 0.03015 -0.03027
3.47389 1.51655 0.03214 -0.0321
3.47524 1.54229 0.03056 -0.03085
3.47659 1.51204 0.03161 -0.03164
3.47794 1.47315 0.03007 -0.03012
3.47929 1.51266 0.03071 -0.03059
3.48064 1.51165 0.03056 -0.03121
3.48199 1.44876 0.03178 -0.03103
3.48334 1.47192 0.03094 -0.03072
3.48469 1.47767 0.02982 -0.03034
3.48604 1.51925 0.03127 -0.03138
3.48739 1.53926 0.03077 -0.0306
3.48874 1.52751 0.03142 -0.0316
3.49008 1.52788 0.03042 -0.03036
3.49143 1.47873 0.03122 -0.03074
3.49278 1.43213 0.03213 -0.03167
3.49413 1.51929 0.03157 -0.03118
3.49548 1.50499 0.03197 -0.03178
3.49683 1.53222 0.03074 -0.03032
3.49818 1.47436 0.03133 -0.03121
3.49953 1.5341 0.0311 -0.03096
3.50088 1.46509 0.03126 -0.03105
3.50223 1.46063 0.0312 -0.03071
3.50358 1.49088 0.03145 -0.03094
3.50493 1.50304 0.03051 -0.03062
3.50628 1.50869 0.03123 -0.03122
3.50763 1.46146 0.03072 -0.031
3.50898 1.46602 0.0312 -0.03145
3.51033 1.51546 0.03104 -0.03137
3.51168 1.49903 0.03088 -0.03129
3.51302 1.45644 0.03132 -0.03122
3.51437 1.42905 0.03109 -0.03072
3.51572 1.53561 0.0317 -0.0322
3.51707 1.47259 0.03187 -0.03114
3.51842 1.47615 0.03127 -0.03097
3.51977 1.5401 0.0313 -0.03148
3.52112 1.464 0.03137 -0.03122
3.52247 1.50827 0.03152 -0.03174
3.52382 1.47108 0.03061 -0.03102
3.52517 1.48979 0.03041 -0.03087
3.52652 1.52798 0.03106 -0.03084
3.52786 1.42563 0.03203 -0.03259
3.52921 1.43344 0.03082 -0.03068
3.53056 1.49458 0.03118 -0.03154
3.53191 1.4443 0.03138 -0.03183
3.53326 1.52481 0.03085 -0.03071
3.53461 1.51945 0.03125 -0.03122
3.53596 1.48668 0.03189 -0.03165
3.53731 1.47131 0.03208 -0.03196
3.53866 1.5071 0.03119 -0.0314
3.54 1.45154 0.03229 -0.03165
3.54135 1.46885 0.03138 -0.03143
3.5427 1.43462 0.03203 -0.03129
3.54405 1.44842 0.0313 -0.03163
3.5454 1.50269 0.03142 -0.03104
3.54675 1.50159 0.03087 -0.03136
3.5481 1.46034 0.03228 -0.03254
3.54944 1.46268 0.03068 -0.0306
3.55079 1.50264 0.03103 -0.03121
3.55214 1.49317 0.03181 -0.0317
3.55349 1.46597 0.03139 -0.03134
3.55484 1.49492 0.03148 -0.03147
3.55619 1.4608 0.03164 -0.03158
3.55754 1.49336 0.03123 -0.03126
3.55888 1.43078 0.0315 -0.03103
3.56023 1.54982 0.03115 -0.03146
3.56158 1.45262 0.03146 -0.03166
3.56293 1.51895 0.03156 -0.0314
3.56428 1.52174 0.03142 -0.03115
3.56563 1.5144 0.03196 -0.03233
3.56697 1.4945 0.03163 -0.03156
3.56832 1.56077 0.03138 -0.03139
3.56967 1.46067 0.03116 -0.03116
3.57102 1.4915 0.03045 -0.03133
3.57237 1.43486 0.03228 -0.03211
3.57372 1.44975 0.03156 -0.03193
3.57506 1.44419 0.0327 -0.0324
3.57641 1.46357 0.03237 -0.0324
3.57776 1.48064 0.03195 -0.03198
3.57911 1.51743 0.03211 -0.03203
3.58046 1.43434 0.03222 -0.03128
3.5818 1.49217 0.03284 -0.03238
3.58315 1.47445 0.03156 -0.03149
3.5845 1.48025 0.03158 -0.03146
3.58585 1.4966 0.03153 -0.03156
3.5872 1.51581 0.03192 -0.03119
3.58854 1.4601 0.03178 -0.03197
3.58989 1.47104 0.03258 -0.03275
3.59124 1.52387 0.03106 -0.03106
3.59259 1.44122 0.03126 -0.03128
3.59394 1.48219 0.03148 -0.03088
3.59528 1.52744 0.03247 -0.03214
3.59663 1.4526 0.03255 -0.03236
3.59798 1.44577 0.03186 -0.03182
3.59933 1.47649 0.03267 -0.03228
3.60067 1.49755 0.03228 -0.03213
3.60202 1.51165 0.03036 -0.03057
3.60337 1.49 0.0312 -0.03108
3.60472 1.50058 0.03184 -0.03202
3.60607 1.50278 0.0318 -0.03207
3.60741 1.49066 0.03218 -0.03189
3.60876 1.50795 0.03179 -0.03219
3.61011 1.42039 0.03166 -0.03147
3.61146 1.42686 0.03464 -0.03477
3.6128 1.47977 0.0328 -0.03306
3.61415 1.44955 0.0321 -0.03192
3.6155 1.51207 0.03244 -0.03221
3.61685 1.4549 0.03224 -0.03262
3.61819 1.4608 0.03198 -0.03182
3.61954 1.41481 0.0321 -0.03226
3.62089 1.53343 0.03249 -0.03254
3.62223 1.4648 0.03262 -0.03224
3.62358 1.49871 0.03104 -0.03056
3.62493 1.54001 0.03273 -0.03277
3.62628 1.46438 0.033 -0.03312
3.62762 1.48748 0.03271 -0.03298
3.62897 1.5188 0.03239 -0.03242
3.63032 1.46031 0.03333 -0.03314
3.63167 1.47584 0.03291 -0.03247
3.63301 1.56822 0.03239 -0.03267
3.63436 1.5235 0.03372 -0.03354
3.63571 1.50483 0.034 -0.03393
3.63705 1.49083 0.03331 -0.0331
3.6384 1.52869 0.03302 -0.03268
3.63975 1.42975 0.03246 -0.03295
3.64109 1.50183 0.0323 -0.03301
3.64244 1.43486 0.03222 -0.032
3.64379 1.45188 0.03281 -0.03338
3.64514 1.47239 0.03238 -0.03245
3.64648 1.54374 0.03241 -0.03261
3.64783 1.49794 0.0328 -0.03234
3.64918 1.52779 0.03304 -0.0331
3.65052 1.47272 0.03312 -0.03337
3.65187 1.48112 0.03193 -0.03185
3.65322 1.49895 0.03224 -0.03268
3.65456 1.47289 0.03393 -0.03412
3.65591 1.5197 0.03454 -0.0348
3.65726 1.56058 0.03414 -0.03371
3.6586 1.51994 0.03431 -0.03454
3.65995 1.43959 0.03296 -0.03295
3.6613 1.52231 0.03341 -0.03302
3.66264 1.54086 0.03332 -0.03298
3.66399 1.44995 0.03321 -0.03292
3.66534 1.50867 0.03409 -0.03385
3.66668 1.54336 0.03278 -0.03241
3.66803 1.49883 0.03196 -0.03183
3.66938 1.46481 0.0329 -0.03303
3.67072 1.50598 0.03372 -0.03339
3.67207 1.4834 0.03357 -0.03306
3.67342 1.46887 0.03315 -0.03367
3.67476 1.42785 0.03246 -0.03246
3.67611 1.49519 0.03339 -0.03317
3.67745 1.46481 0.03319 -0.03371
3.6788 1.39704 0.03402 -0.03351
3.68015 1.4749 0.03435 -0.03318
3.68149 1.51255 0.03362 -0.0333
3.68284 1.50692 0.03272 -0.03269
3.68419 1.4951 0.03306 -0.03301
3.68553 1.51474 0.04235 -0.0412
3.68688 1.52637 0.03332 -0.03307
3.68822 1.46203 0.0325 -0.03225
3.68957 1.49302 0.03352 -0.03359
3.69092 1.50968 0.03341 -0.03315
3.69226 1.4315 0.03421 -0.03391
3.69361 1.47528 0.03309 -0.03327
3.69495 1.42448 0.03453 -0.03425
3.6963 1.53167 0.0342 -0.03359
3.69765 1.45817 0.03322 -0.03351
3.69899 1.46383 0.03521 -0.03581
3.70034 1.46118 0.03369 -0.03357
3.70168 1.50632 0.03447 -0.03453
3.70303 1.46769 0.03322 -0.03383
3.70438 1.50619 0.03454 -0.03439
3.70572 1.46663 0.03375 -0.03342
3.70707 1.52997 0.03395 -0.03412
3.70841 1.43812 0.03341 -0.03374
3.70976 1.45428 0.03308 -0.033
3.7111 1.49589 0.03333 -0.03365
3.71245 1.48706 0.03389 -0.03368
3.7138 1.48816 0.03306 -0.03326
3.71514 1.39436 0.03576 -0.03516
3.82416 1.45729 0.035 -0.03519
3.82551 1.37691 0.04484 -0.04548
3.82685 1.43107 0.03641 -0.03668
3.82819 1.52005 0.03496 -0.03462
3.82954 1.54735 0.03469 -0.03489
3.83088 1.44779 0.03463 -0.0352
3.83222 1.47642 0.03502 -0.03531
3.83357 1.50371 0.03506 -0.03581
3.83491 1.49337 0.03489 -0.03443
3.83625 1.40199 0.03472 -0.03504
3.8376 1.48601 0.03595 -0.0358
3.83894 1.47108 0.03617 -0.03648
3.84028 1.46945 0.03505 -0.03493
3.84163 1.46724 0.037 -0.03713
3.84297 1.52178 0.03509 -0.03532
3.84431 1.47341 0.03648 -0.03647
3.84565 1.45742 0.03672 -0.03678
3.847 1.52356 0.03542 -0.03497
3.84834 1.46634 0.03426 -0.03465
3.84968 1.46938 0.03543 -0.03593
3.85103 1.5144 0.03746 -0.03661
3.85237 1.48679 0.03504 -0.03594
3.85371 1.41643 0.03509 -0.03425
3.85506 1.45999 0.03711 -0.03716
3.8564 1.52635 0.03561 -0.03571
3.85774 1.45564 0.03487 -0.03519
3.85908 1.50513 0.03581 -0.03528
3.86043 1.40664 0.03363 -0.03345
3.86177 1.46358 0.03737 -0.03706
3.86311 1.50369 0.03596 -0.03602
3.86445 1.47246 0.03726 -0.03685
3.8658 1.469 0.03784 -0.03783
3.86714 1.48782 0.03695 -0.03658
3.86848 1.42664 0.0367 -0.03606
3.86983 1.44239 0.03595 -0.03546
3.87117 1.47924 0.03591 -0.03647
3.87251 1.49697 0.03921 -0.03853
3.87385 1.39426 0.0385 -0.03867
3.8752 1.38806 0.03662 -0.0366
3.87654 1.46257 0.03564 -0.03555
3.87788 1.48159 0.03719 -0.03735
3.87922 1.47573 0.03526 -0.03556
3.88056 1.51566 0.03656 -0.03687
3.88191 1.41824 0.0365 -0.03612
3.88325 1.40377 0.03669 -0.03656
3.88459 1.47677 0.03616 -0.03569
3.88593 1.45708 0.03755 -0.03754
3.88728 1.4711 0.03638 -0.03628
3.88862 1.39815 0.03639 -0.03648
3.88996 1.49617 0.0356 -0.03566
3.8913 1.4812 0.03598 -0.03571
3.89265 1.43189 0.03623 -0.03633
3.89399 1.45119 0.03655 -0.03664
3.89533 1.46735 0.03627 -0.0362
3.89667 1.43824 0.03527 -0.03539
3.89801 1.4546 0.03684 -0.03666
3.89936 1.48831 0.03685 -0.03677
3.9007 1.53089 0.03613 -0.03656
3.90204 1.43346 0.03558 -0.0357
3.90338 1.51286 0.03737 -0.0374
3.90472 1.49919 0.03695 -0.03753
3.90607 1.39606 0.03778 -0.03741
3.90741 1.59042 0.0364 -0.03598
3.90875 1.55674 0.03723 -0.0367
3.91009 1.51631 0.03849 -0.03846
3.91143 1.46099 0.03713 -0.03679
3.91277 1.44592 0.03657 -0.03642
3.91412 1.47761 0.03583 -0.03597
3.91546 1.49166 0.03519 -0.03518
3.9168 1.43486 0.03697 -0.03618
3.91814 1.45171 0.03662 -0.03671
3.91948 1.44141 0.03749 -0.03688
3.92083 1.41782 0.03741 -0.03677
3.92217 1.47164 0.0374 -0.03711
3.92351 1.42636 0.03655 -0.03695
3.92485 1.44703 0.03579 -0.03585
3.92619 1.42128 0.03709 -0.03679
3.92753 1.42927 0.03694 -0.03674
3.92887 1.52595 0.03733 -0.03694
3.93022 1.4464 0.03622 -0.03616
3.93156 1.51026 0.03676 -0.03632
3.9329 1.4891 0.03639 -0.0366
3.93424 1.47889 0.03863 -0.03886
3.93558 1.48094 0.03637 -0.03661
3.93692 1.42695 0.0375 -0.03729
3.93826 1.47999 0.03661 -0.0368
3.9396 1.47277 0.03686 -0.0368
3.94095 1.48028 0.03829 -0.03819
3.94229 1.40493 0.03691 -0.03724
3.94363 1.49453 0.03694 -0.03729
3.94497 1.47085 0.03699 -0.03729
3.94631 1.46654 0.03743 -0.03652
3.94765 1.49626 0.03728 -0.03696
3.94898 1.47735 0.03801 -0.03799
3.9503 1.56235 0.03976 -0.03995
3.95164 1.54033 0.03728 -0.03686
3.95299 1.41241 0.03668 -0.03673
3.95433 1.40723 0.03684 -0.03709
3.95567 1.5002 0.0385 -0.03817
3.95701 1.49139 0.03793 -0.0373
3.95835 1.48322 0.03676 -0.03736
3.95969 1.43681 0.0368 -0.03706
3.96103 1.46464 0.03847 -0.03824
3.96237 1.47375 0.03724 -0.03715
3.96371 1.41931 0.03642 -0.0375
3.96505 1.48048 0.03724 -0.03762
3.96639 1.51197 0.03727 -0.03762
3.96773 1.48975 0.03905 -0.03891
3.96908 1.50095 0.03839 -0.03813
3.97042 1.39929 0.03792 -0.03855
3.97176 1.50535 0.03936 -0.04002
3.9731 1.46406 0.03851 -0.03917
3.97444 1.49399 0.03914 -0.03904
3.97578 1.44793 0.03991 -0.03916
3.97712 1.44942 0.03715 -0.03721
3.97846 1.5015 0.03873 -0.03875
3.9798 1.48619 0.03865 -0.03907
3.98114 1.46379 0.03905 -0.03914
3.98248 1.46291 0.03865 -0.03889
3.98382 1.52535 0.03949 -0.03925
3.98516 1.55363 0.03914 -0.03936
3.9865 1.49321 0.03976 -0.0397
3.98784 1.49501 0.03761 -0.03659
3.98918 1.44585 0.03916 -0.03873
3.99052 1.51428 0.03955 -0.03982
3.99186 1.42626 0.03828 -0.03795
3.9932 1.48365 0.03767 -0.0378
3.99454 1.51261 0.03878 -0.03872
3.99588 1.48264 0.0378 -0.03848
3.99722 1.55494 0.03912 -0.03911
3.99856 1.51288 0.03802 -0.03852
3.9999 1.42222 0.03812 -0.03821
4.00124 1.49975 0.03938 -0.03931
4.00258 1.40437 0.03813 -0.0385
4.00392 1.51198 0.03944 -0.04012
4.00526 1.4544 0.04021 -0.04002
4.0066 1.45579 0.03951 -0.03935
4.00794 1.48523 0.03919 -0.03918
4.00928 1.47866 0.03935 -0.03961
4.01062 1.50975 0.03977 -0.03981
4.01196 1.4771 0.0379 -0.03812
4.0133 1.48673 0.0374 -0.03719
4.01464 1.40002 0.03882 -0.03872
4.01598 1.47782 0.03986 -0.03957
4.01866 1.43748 0.0389 -0.03882
4.02 1.47468 0.03883 -0.03897
4.02134 1.47174 0.03854 -0.03793
4.02268 1.47419 0.04075 -0.04186
4.02402 1.39197 0.03945 -0.03925
4.02536 1.43594 0.03787 -0.03885
4.0267 1.49202 0.03947 -0.03908
4.02804 1.44098 0.0385 -0.03915
4.02938 1.5086 0.04028 -0.03972
4.03072 1.52712 0.03963 -0.03944
4.03206 1.44255 0.0394 -0.03986
4.0334 1.53273 0.04208 -0.04149
4.03474 1.53157 0.03914 -0.03917
4.03608 1.47183 0.04095 -0.04045
4.03742 1.45715 0.03925 -0.04039
4.03875 1.45962 0.03962 -0.03959
4.04009 1.53831 0.03914 -0.03945
4.04143 1.47834 0.03836 -0.03818
4.04277 1.49318 0.03919 -0.03865
4.04411 1.44323 0.04 -0.04012
4.04545 1.5409 0.04045 -0.03985
4.04679 1.47784 0.03919 -0.03966
4.04813 1.49437 0.03937 -0.03963
4.04947 1.37914 0.04285 -0.04211
4.05081 1.51308 0.0444 -0.04489
4.05215 1.47652 0.04171 -0.04155
4.05348 1.50625 0.04031 -0.0402
4.05482 1.48837 0.04003 -0.03973
4.05616 1.49695 0.03889 -0.03954
4.0575 1.47208 0.03939 -0.03951
4.05884 1.56855 0.03996 -0.03965
4.06018 1.44755 0.04001 -0.03958
4.06152 1.51916 0.0407 -0.04082
4.06286 1.50211 0.03919 -0.0388
4.0642 1.5178 0.0397 -0.03987
4.06554 1.44664 0.03919 -0.03853
4.06687 1.49797 0.03964 -0.03943
4.06821 1.56648 0.03921 -0.03857
4.06955 1.46781 0.03869 -0.03861
4.07089 1.47132 0.03927 -0.0387
4.07223 1.53202 0.04043 -0.04003
4.07357 1.44562 0.03951 -0.03873
4.07491 1.51102 0.04104 -0.04048
4.07624 1.51734 0.04242 -0.04206
4.07758 1.49239 0.04284 -0.04174
4.07892 1.43124 0.04034 -0.03996
4.08026 1.4156 0.04094 -0.04075
4.0816 1.45791 0.04262 -0.04286
4.08294 1.48206 0.04074 -0.04081
4.08427 1.49647 0.0398 -0.03999
4.08561 1.49916 0.04027 -0.04037
4.08695 1.52694 0.03991 -0.04062
4.08829 1.45667 0.03998 -0.04009
4.08963 1.54162 0.04084 -0.04141
4.09097 1.55642 0.0402 -0.04051
4.0923 1.51224 0.04035 -0.04048
4.09364 1.48595 0.04189 -0.04166
4.09498 1.52448 0.04009 -0.04021
4.09632 1.45798 0.0402 -0.04002
4.09766 1.47302 0.03944 -0.03892
4.099 1.4755 0.04089 -0.04045
4.10033 1.41998 0.04051 -0.04027
4.10167 1.42913 0.04042 -0.04057
4.10301 1.5386 0.04 -0.04055
4.10435 1.47197 0.04019 -0.03971
4.10569 1.4826 0.04151 -0.04168
4.10702 1.52255 0.03938 -0.03957
4.10836 1.49626 0.04184 -0.04215
4.1097 1.50174 0.04136 -0.04038
4.11104 1.50063 0.04117 -0.04078
4.11237 1.42929 0.04157 -0.04144
4.11371 1.55494 0.04135 -0.04207
4.11505 1.47353 0.04111 -0.04118
4.11639 1.43349 0.04141 -0.04118
4.11773 1.4861 0.03969 -0.04039
4.11906 1.49186 0.04098 -0.04153
4.12038 1.47686 0.04007 -0.04085
4.12171 1.47534 0.04031 -0.04097
4.12304 1.48069 0.04156 -0.04091
4.12438 1.52671 0.04156 -0.04094
4.12572 1.45505 0.04113 -0.04047
4.12706 1.56175 0.04177 -0.0417
4.12839 1.46958 0.0417 -0.04204
4.12973 1.56715 0.04053 -0.04004
4.13107 1.50503 0.04192 -0.04197
4.13241 1.55509 0.04213 -0.04261
4.13374 1.54414 0.04268 -0.04261
4.13508 1.55802 0.04005 -0.04066
4.13642 1.48592 0.04166 -0.04087
4.13776 1.47681 0.04286 -0.04234
4.13909 1.54371 0.04399 -0.04423
4.14043 1.51625 0.04251 -0.04168
4.14177 1.49543 0.04144 -0.04124
4.14311 1.47155 0.04095 -0.04139
4.14444 1.52736 0.04277 -0.04307
4.14578 1.45314 0.04171 -0.04174
4.14712 1.43974 0.04169 -0.04158
4.14845 1.56465 0.04184 -0.04257
4.14979 1.48045 0.04341 -0.04353
4.15113 1.50314 0.04224 -0.04251
4.15246 1.42393 0.0434 -0.04257
4.15379 1.54489 0.04397 -0.04333
4.15511 1.53976 0.0408 -0.04141
4.15644 1.51217 0.04186 -0.04157
4.15778 1.46759 0.04398 -0.04375
4.15912 1.51201 0.04157 -0.04143
4.16045 1.47575 0.04138 -0.04172
4.16179 1.49495 0.0428 -0.04257
4.16313 1.47645 0.04476 -0.04463
4.16446 1.55553 0.0451 -0.04399
4.1658 1.4431 0.04199 -0.04254
4.16714 1.50637 0.04311 -0.04285
4.16847 1.51064 0.04124 -0.04137
4.16981 1.53265 0.04215 -0.04325
4.17115 1.5191 0.04153 -0.04198
4.17248 1.46338 0.0436 -0.043
4.17382 1.48318 0.04187 -0.04201
4.17516 1.5187 0.04285 -0.04265
4.17649 1.52301 0.04315 -0.04296
4.17783 1.47445 0.04301 -0.04247
4.17917 1.5415 0.04204 -0.0425
4.1805 1.34619 0.04351 -0.04316
4.18184 1.47073 0.0427 -0.04278
4.18318 1.46479 0.04209 -0.04305
4.18451 1.42643 0.04348 -0.04412
4.18585 1.47164 0.04197 -0.04167
4.18718 1.53778 0.04219 -0.04188
4.18852 1.48632 0.04195 -0.04218
4.18986 1.50113 0.04342 -0.04314
4.19119 1.49418 0.04445 -0.0449
4.19253 1.49198 0.04219 -0.04224
4.19386 1.51604 0.04416 -0.0443
4.1952 1.45868 0.04173 -0.04203
4.19654 1.47218 0.04263 -0.04283
4.19787 1.4873 0.04321 -0.04304
4.19921 1.41221 0.04286 -0.04256
4.20054 1.46763 0.04243 -0.04216
4.20188 1.47648 0.04267 -0.04309
4.20322 1.48376 0.0434 -0.04345
4.20455 1.51186 0.04372 -0.04277
4.20589 1.51798 0.04534 -0.04579
4.20722 1.57621 0.04311 -0.04338
4.20856 1.59301 0.04404 -0.0442
4.2099 1.54298 0.04218 -0.04146
4.21123 1.57808 0.04306 -0.04245
4.21257 1.47573 0.04294 -0.04318
4.2139 1.42323 0.04483 -0.04558
4.21524 1.42645 0.04335 -0.04349
4.21657 1.5337 0.04305 -0.0427
4.21791 1.47 0.04364 -0.0445
4.21924 1.55443 0.04331 -0.04279
4.22058 1.50152 0.0439 -0.04399
4.22192 1.4683 0.04309 -0.04299
4.22325 1.53904 0.04298 -0.04346
4.22459 1.52655 0.04341 -0.04327
4.22592 1.47169 0.04234 -0.04258
4.22726 1.40886 0.04618 -0.04686
4.22859 1.43126 0.04349 -0.0428
4.22993 1.50449 0.04322 -0.04334
4.23126 1.44714 0.04352 -0.0436
4.2326 1.4935 0.04423 -0.04431
4.23393 1.52101 0.04446 -0.04442
4.23527 1.46294 0.04413 -0.04405
4.2366 1.45407 0.04469 -0.04413
4.23794 1.50198 0.04315 -0.04318
4.23927 1.48381 0.04425 -0.04499
4.24061 1.54467 0.04417 -0.0447
4.24194 1.49934 0.0431 -0.04287
4.24328 1.44277 0.04335 -0.04364
4.24461 1.43619 0.04623 -0.04602
4.24595 1.50098 0.04409 -0.04398
4.24728 1.50389 0.04393 -0.0433
4.24862 1.41192 0.04518 -0.04475
4.24995 1.53885 0.04378 -0.04381
4.25129 1.45345 0.04465 -0.04386
4.25262 1.48952 0.04561 -0.04469
4.25396 1.52365 0.04407 -0.04468
4.25529 1.40726 0.04553 -0.04566
4.25663 1.42871 0.0451 -0.04492
4.25795 1.48236 0.04374 -0.04346
4.25927 1.53029 0.04356 -0.0433
4.2606 1.53926 0.04497 -0.04479
4.26193 1.48528 0.04391 -0.04442
4.26327 1.48121 0.0449 -0.04459
4.2646 1.44529 0.0441 -0.04442
4.26594 1.48465 0.04582 -0.0458
4.26727 1.51155 0.04587 -0.04546
4.26861 1.49405 0.0462 -0.04672
4.26994 1.51919 0.04534 -0.04659
4.27128 1.55374 0.04494 -0.04485
4.27261 1.49219 0.04478 -0.04522
4.27394 1.58086 0.0452 -0.04453
4.27528 1.53474 0.04492 -0.04417
4.27661 1.50662 0.0444 -0.04405
4.27795 1.45419 0.04495 -0.04503
4.27928 1.42883 0.04358 -0.04389
4.28062 1.47817 0.04461 -0.04446
4.28193 1.50423 0.04549 -0.04517
4.28325 1.49511 0.04518 -0.04538
4.28459 1.50332 0.04451 -0.04501
4.28592 1.43193 0.0449 -0.04392
4.28725 1.49704 0.04508 -0.04533
4.28859 1.59702 0.0446 -0.04428
4.28992 1.53361 0.04506 -0.04426
4.29126 1.47981 0.04636 -0.04564
4.29259 1.42314 0.0457 -0.04445
4.29392 1.53966 0.04391 -0.04382
4.29526 1.54423 0.04529 -0.04509
4.29659 1.56375 0.04437 -0.04437
4.29793 1.50517 0.04476 -0.0445
4.29926 1.50022 0.04534 -0.04561
4.30059 1.54074 0.0451 -0.04561
4.30193 1.54022 0.0472 -0.0472
4.30326 1.57098 0.04529 -0.04492
4.30459 1.57851 0.04745 -0.04812
4.30593 1.50577 0.04645 -0.04661
4.30726 1.48064 0.04536 -0.04511
4.3086 1.5032 0.04901 -0.04858
4.30993 1.52606 0.04798 -0.04888
4.31126 1.54897 0.04675 -0.04727
4.3126 1.58251 0.04843 -0.0475
4.31393 1.49852 0.04689 -0.04604
4.31526 1.5568 0.04787 -0.04803
4.3166 1.52035 0.04725 -0.04699
4.31793 1.56215 0.04656 -0.04686
4.31926 1.49358 0.04572 -0.04576
4.3206 1.56583 0.04602 -0.04602
4.32193 1.47327 0.04749 -0.04793
4.32326 1.42969 0.04702 -0.04701
4.3246 1.46795 0.04709 -0.04713
4.32593 1.52746 0.04859 -0.0485
4.32726 1.49692 0.04751 -0.04752
4.32859 1.49992 0.04773 -0.04748
4.32993 1.4966 0.04656 -0.0471
4.33126 1.47072 0.04763 -0.04754
4.33259 1.48052 0.04693 -0.04687
4.33393 1.50728 0.04826 -0.04813
4.33526 1.52953 0.0475 -0.04699
4.33659 1.5298 0.04677 -0.04645
4.33793 1.57748 0.04789 -0.04836
4.33926 1.54063 0.04685 -0.04706
4.34059 1.49898 0.04769 -0.04732
4.34192 1.52827 0.04789 -0.04743
4.34326 1.4906 0.04882 -0.04833
4.34459 1.46515 0.04753 -0.04801
4.34592 1.571 0.04691 -0.04705
4.34725 1.53763 0.04648 -0.04701
4.34859 1.6029 0.04737 -0.04809
4.34992 1.56415 0.04753 -0.04688
4.35125 1.58196 0.04945 -0.04911
4.35259 1.54619 0.04885 -0.04908
4.35392 1.55963 0.04891 -0.04861
4.35525 1.57585 0.04778 -0.04729
4.35658 1.48685 0.04813 -0.04764
4.35792 1.54966 0.04863 -0.04873
4.35925 1.48808 0.04846 -0.04746
4.36058 1.58275 0.04855 -0.04848
4.36191 1.55534 0.05003 -0.05051
4.36323 1.48652 0.05206 -0.05137
4.36455 1.43998 0.04732 -0.04773
4.36588 1.52717 0.04835 -0.04895
4.36721 1.57434 0.04747 -0.04756
4.36854 1.5731 0.04839 -0.04742
4.36987 1.58204 0.0429 -0.042
4.37121 1.52166 0.05071 -0.05116
4.37254 1.60756 0.04869 -0.04923
4.37387 1.54736 0.05104 -0.05109
4.3752 1.50839 0.0486 -0.04962
4.37653 1.56624 0.05013 -0.05013
4.37787 1.48739 0.04843 -0.04862
4.3792 1.53483 0.05067 -0.05122
4.38053 1.52356 0.04895 -0.04908
4.38185 1.53417 0.04998 -0.05022
4.38316 1.57094 0.04845 -0.04902
4.38449 1.52037 0.05245 -0.05222
4.38583 1.52614 0.04828 -0.0479
4.38716 1.60301 0.05027 -0.04934
4.38849 1.50642 0.04889 -0.04966
4.38982 1.56252 0.05186 -0.05087
4.39115 1.53218 0.05008 -0.04853
4.39248 1.635 0.04952 -0.04955
4.39382 1.52072 0.04908 -0.04966
4.39515 1.51266 0.04836 -0.04866
4.39648 1.49576 0.04996 -0.04971
4.39781 1.48992 0.04912 -0.04918
4.39914 1.47783 0.04943 -0.04872
4.40047 1.50717 0.04875 -0.04837
4.4018 1.53997 0.04945 -0.04923
4.40314 1.44952 0.0497 -0.04999
4.40447 1.54365 0.04938 -0.04998
4.4058 1.53392 0.05032 -0.05019
4.40713 1.56389 0.05161 -0.05135
4.40846 1.54891 0.04971 -0.0505
4.40979 1.55075 0.05093 -0.05117
4.41112 1.49522 0.04914 -0.04878
4.41245 1.47175 0.04914 -0.04971
4.41379 1.52786 0.05042 -0.04935
4.41512 1.54062 0.05272 -0.05242
4.41645 1.49634 0.05 -0.04938
4.41778 1.5964 0.05175 -0.05146
4.41911 1.58641 0.04989 -0.0494
4.42044 1.56107 0.05033 -0.05011
4.42177 1.52268 0.04881 -0.04957
4.4231 1.50857 0.04955 -0.04944
4.42443 1.50211 0.04975 -0.04986
4.42576 1.54514 0.05016 -0.05062
4.4271 1.53622 0.05266 -0.05233
4.42843 1.52182 0.05002 -0.05069
4.42976 1.58327 0.05128 -0.05076
4.43109 1.45793 0.05016 -0.04995
4.43242 1.60927 0.05012 -0.05062
4.43375 1.53369 0.05034 -0.05085
4.43508 1.56153 0.05206 -0.05166
4.43641 1.47565 0.05079 -0.05025
4.43774 1.50282 0.0511 -0.05049
4.43907 1.4987 0.05223 -0.05241
4.4404 1.55088 0.05025 -0.05085
4.44173 1.60318 0.05021 -0.04969
4.44306 1.66451 0.04918 -0.05048
4.44439 1.65989 0.05079 -0.05078
4.44572 1.54391 0.05178 -0.05174
4.44705 1.55146 0.05216 -0.0512
4.44838 1.51784 0.05398 -0.05323
4.44971 1.50567 0.05072 -0.0507
4.45104 1.57073 0.05084 -0.05073
4.45236 1.55113 0.04924 -0.04975
4.45367 1.47843 0.05321 -0.05232
4.455 1.5345 0.05175 -0.05187
4.45633 1.60923 0.05221 -0.05162
4.45766 1.59342 0.05115 -0.05094
4.45899 1.56762 0.0528 -0.05202
4.46032 1.51577 0.05051 -0.05077
4.46165 1.54571 0.0493 -0.04926
4.46298 1.52349 0.0524 -0.05157
4.46431 1.55799 0.05042 -0.05092
4.46564 1.63054 0.05388 -0.05484
4.46697 1.56205 0.05098 -0.051
4.46829 1.59966 0.05063 -0.05059
4.4696 1.41367 0.05186 -0.05159
4.47093 1.50631 0.04965 -0.04971
4.47226 1.46994 0.05131 -0.05149
4.47359 1.55767 0.05126 -0.05117
4.47492 1.57713 0.05094 -0.05124
4.47625 1.56874 0.05074 -0.05196
4.47758 1.48555 0.04955 -0.05092
4.47891 1.47827 0.05251 -0.05172
4.48024 1.52163 0.05091 -0.05119
4.48157 1.53398 0.05271 -0.05313
4.4829 1.49232 0.05182 -0.05161
4.48423 1.52713 0.05173 -0.0517
4.48555 1.55534 0.05094 -0.05191
4.48688 1.60942 0.05174 -0.0513
4.48821 1.59579 0.05425 -0.05365
4.48954 1.54434 0.05063 -0.05038
4.49087 1.46638 0.05139 -0.05117
4.4922 1.58987 0.05488 -0.05399
4.49353 1.53421 0.05284 -0.05286
4.49486 1.59051 0.05257 -0.05295
4.49619 1.53342 0.05031 -0.05039
4.49752 1.45823 0.05101 -0.05041
4.49885 1.51145 0.05181 -0.05176
4.50018 1.4963 0.05397 -0.05387
4.5015 1.52278 0.05097 -0.0514
4.50283 1.46595 0.05273 -0.05241
4.50416 1.55757 0.05298 -0.05215
4.50549 1.59239 0.05323 -0.05278
4.50682 1.52428 0.05201 -0.0526
4.50815 1.52572 0.05261 -0.0528
4.50948 1.60598 0.05273 -0.05272
4.51081 1.56578 0.05339 -0.05281
4.51214 1.56528 0.05232 -0.05295
4.51346 1.59857 0.05311 -0.05338
4.51479 1.53017 0.05069 -0.05141
4.51612 1.52775 0.05348 -0.05414
4.51745 1.47956 0.0542 -0.0541
4.51878 1.59753 0.05558 -0.05554
4.52011 1.49736 0.05284 -0.05277
4.52144 1.52818 0.05164 -0.05244
4.52276 1.50161 0.05334 -0.05248
4.52409 1.5651 0.05352 -0.05283
4.52542 1.64814 0.05278 -0.05333
4.52675 1.45472 0.0612 -0.06045
4.52808 1.6165 0.05365 -0.05333
4.52941 1.56298 0.05401 -0.05476
4.53072 1.60644 0.05525 -0.05525
4.53203 1.50671 0.05126 -0.05123
4.53336 1.56285 0.05507 -0.0553
4.53469 1.59056 0.05337 -0.05425
4.53601 1.63256 0.0549 -0.05427
4.53734 1.62024 0.05359 -0.05338
4.53867 1.52937 0.05328 -0.05411
4.54 1.52303 0.05493 -0.05498
4.54133 1.55586 0.05309 -0.05324
4.54265 1.49043 0.05558 -0.05503
4.54397 1.57767 0.05496 -0.05454
4.54528 1.5646 0.05406 -0.05425
4.54661 1.49544 0.05348 -0.0534
4.54793 1.54353 0.05654 -0.05609
4.54926 1.45741 0.05475 -0.05474
4.55059 1.62007 0.05476 -0.0541
4.55192 1.63684 0.05458 -0.05472
4.55325 1.61947 0.0543 -0.05313
4.55457 1.41738 0.05395 -0.05252
4.5559 1.52515 0.05576 -0.05447
4.55723 1.49413 0.0539 -0.05413
4.55856 1.48946 0.054 -0.05366
4.55988 1.55026 0.05326 -0.05353
4.56121 1.5652 0.05574 -0.05619
4.56254 1.58019 0.05364 -0.05405
4.56387 1.58418 0.05383 -0.05429
4.56519 1.52376 0.05449 -0.05358
4.56652 1.50153 0.05454 -0.05447
4.56785 1.50535 0.05448 -0.05388
4.56917 1.56625 0.05635 -0.05509
4.5705 1.39955 0.05587 -0.05599
4.57183 1.57661 0.05557 -0.05497
4.57316 1.53108 0.06482 -0.06351
4.57448 1.59533 0.05624 -0.05568
4.57581 1.55464 0.05348 -0.05358
4.57714 1.53225 0.05725 -0.0567
4.57846 1.5951 0.05418 -0.05409
4.57979 1.61628 0.05501 -0.05446
4.58112 1.60542 0.05529 -0.05514
4.58245 1.54107 0.05433 -0.05491
4.58377 1.59624 0.05702 -0.05677
4.5851 1.57077 0.05593 -0.05493
4.58643 1.54178 0.05153 -0.05098
4.58775 1.6671 0.04917 -0.0507
4.58908 1.49088 0.05507 -0.054
4.59041 1.70219 0.05712 -0.05757
4.59173 1.49552 0.05532 -0.05495
4.59306 1.57612 0.0577 -0.05749
4.59439 1.59355 0.0562 -0.05682
4.59571 1.55796 0.05484 -0.05474
4.59704 1.52046 0.05589 -0.05441
4.59837 1.58731 0.05661 -0.05611
4.59969 1.53611 0.05715 -0.05763
4.601 1.57078 0.05519 -0.05523
4.60231 1.55766 0.05448 -0.05497
4.60364 1.53555 0.05759 -0.05785
4.60497 1.52436 0.05735 -0.0578
4.60629 1.49357 0.05618 -0.05576
4.60762 1.5869 0.05669 -0.05625
4.60894 1.58487 0.05567 -0.0551
4.61027 1.43145 0.05832 -0.05716
4.6116 1.47644 0.0551 -0.05518
4.61291 1.62962 0.05662 -0.05643
4.61422 1.54607 0.05536 -0.05611
4.61554 1.4925 0.05591 -0.05655
4.61687 1.47526 0.05771 -0.05805
4.6182 1.5798 0.05701 -0.05638
4.61952 1.56443 0.05589 -0.05618
4.62085 1.52896 0.05749 -0.05661
4.62217 1.55533 0.05593 -0.05648
4.6235 1.60888 0.07766 -0.07686
4.62482 1.59896 0.05898 -0.05906
4.62615 1.54487 0.05518 -0.05574
4.62748 1.53421 0.05675 -0.05615
4.6288 1.49386 0.05688 -0.05687
4.63013 1.6622 0.05541 -0.05589
4.63145 1.64135 0.05889 -0.05765
4.63278 1.66109 0.0574 -0.05795
4.6341 1.432 0.05657 -0.05688
4.63543 1.49864 0.05795 -0.05644
4.63676 1.45629 0.05744 -0.05654
4.63808 1.51214 0.0557 -0.05667
4.63941 1.54152 0.05745 -0.05754
4.64073 1.61811 0.05628 -0.05638
4.64206 1.53939 0.06012 -0.05962
4.64338 1.56489 0.05762 -0.05785
4.64471 1.67095 0.05866 -0.058
4.64603 1.34695 0.05785 -0.05752
4.64736 1.60322 0.05846 -0.05869
4.64868 1.47935 0.05758 -0.0587
4.65001 1.51713 0.05965 -0.05998
4.65133 1.6163 0.06152 -0.06029
4.65266 1.56309 0.06263 -0.06232
4.65398 1.58971 0.06239 -0.0627
4.65531 1.52046 0.05869 -0.05839
4.65663 1.46163 0.05927 -0.0589
4.65796 1.58204 0.05964 -0.05914
4.65928 1.4559 0.05801 -0.05913
4.66061 1.57532 0.05704 -0.05712
4.66193 1.48866 0.06167 -0.06186
4.66326 1.54545 0.05886 -0.05833
4.66457 1.59668 0.05938 -0.05892
4.66588 1.50906 0.05847 -0.05868
4.6672 1.47694 0.05866 -0.05884
4.66853 1.4498 0.05831 -0.05794
4.66985 1.59051 0.06026 -0.05994
4.67117 1.54189 0.06226 -0.06146
4.6725 1.58803 0.05753 -0.05662
4.67382 1.53073 0.05858 -0.05818
4.67515 1.63096 0.05755 -0.05762
4.67646 1.42773 0.05807 -0.05871
4.67776 1.53964 0.0594 -0.05974
4.67909 1.55249 0.06127 -0.06213
4.68041 1.62389 0.06125 -0.06091
4.68174 1.61163 0.06005 -0.06088
4.68306 1.50085 0.05866 -0.05787
4.68439 1.48416 0.0583 -0.05843
4.68571 1.50897 0.05807 -0.05836
4.68703 1.55253 0.05901 -0.05793
4.68836 1.52 0.06038 -0.06122
4.68968 1.6754 0.06377 -0.06444
4.69101 1.55493 0.05824 -0.05911
4.69233 1.44624 0.05913 -0.05859
4.69365 1.52876 0.06032 -0.05981
4.69498 1.55083 0.0581 -0.05769
4.6963 1.57418 0.05906 -0.0603
4.69763 1.66478 0.0682 -0.06713
4.69895 1.62275 0.05596 -0.05616
4.70027 1.5032 0.05835 -0.05852
4.7016 1.51892 0.05813 -0.05878
4.70292 1.51628 0.05887 -0.05907
4.70424 1.54285 0.05855 -0.0593
4.70557 1.55078 0.06144 -0.06172
4.70689 1.553 0.06366 -0.06345
4.70822 1.61239 0.06128 -0.06135
4.70954 1.41922 0.06116 -0.06032
4.71086 1.45623 0.06113 -0.0609
4.71219 1.56045 0.06031 -0.05985
4.71351 1.70952 0.0593 -0.05963
4.71483 1.4356 0.05895 -0.05935
4.71616 1.54716 0.06043 -0.06044
4.71748 1.63186 0.06138 -0.06118
4.7188 1.52371 0.06054 -0.05956
4.72013 1.52048 0.06078 -0.06025
4.72145 1.70401 0.06011 -0.06042
4.72277 1.3971 0.06055 -0.05992
4.72408 1.57586 0.05838 -0.05838
4.72539 1.60959 0.06048 -0.06042
4.72671 1.56766 0.05897 -0.05871
4.72803 1.36588 0.05979 -0.05948
4.72936 1.56606 0.0599 -0.05961
4.73068 1.52092 0.05987 -0.06038
4.732 1.53057 0.06048 -0.0608
4.73332 1.51658 0.05943 -0.05965
4.73463 1.59903 0.06026 -0.05993
4.73594 1.51545 0.06215 -0.06247
4.73726 1.53393 0.05845 -0.05947
4.73858 1.57475 0.0601 -0.06027
4.73991 1.56012 0.05949 -0.05981
4.74123 1.52855 0.05874 -0.05869
4.74255 1.60005 0.05634 -0.05511
4.74387 1.51743 0.06202 -0.06274
4.7452 1.49731 0.06096 -0.06144
4.74652 1.3938 0.05936 -0.0596
4.74784 1.5305 0.05947 -0.05883
4.74916 1.51488 0.06533 -0.06492
4.75049 1.48268 0.06103 -0.05946
4.75181 1.51635 0.06041 -0.0603
4.75313 1.59323 0.06029 -0.06166
4.75445 1.57288 0.06157 -0.06086
4.75577 1.51178 0.0604 -0.05933
4.7571 1.43784 0.06389 -0.06341
4.75842 1.59812 0.0604 -0.06009
4.75974 1.57264 0.06209 -0.06173
4.76106 1.50729 0.06176 -0.0619
4.76239 1.5471 0.06233 -0.06207
4.76371 1.68742 0.06233 -0.06116
4.76503 1.66092 0.06361 -0.06415
4.76635 1.50312 0.06135 -0.06093
4.76767 1.47314 0.06359 -0.06322
4.76899 1.52408 0.06223 -0.06158
4.77032 1.54563 0.0617 -0.0613
4.77164 1.61311 0.06138 -0.06192
4.77296 1.53436 0.06255 -0.06225
4.77428 1.42828 0.06142 -0.0621
4.7756 1.55808 0.06111 -0.0608
4.77693 1.59473 0.06177 -0.0616
4.77825 1.52806 0.06436 -0.06417
4.77955 1.66561 0.06356 -0.06304
4.78086 1.51886 0.06381 -0.06388
4.78218 1.61782 0.06226 -0.063
4.7835 1.53965 0.05893 -0.05801
4.78482 1.58058 0.06134 -0.06119
4.78614 1.52375 0.06525 -0.06429
4.78746 1.51543 0.06219 -0.06221
4.78877 1.46888 0.06225 -0.06202
4.79007 1.52665 0.06539 -0.06508
4.7914 1.61182 0.06264 -0.06242
4.79272 1.53899 0.06213 -0.06127
4.79404 1.45111 0.06285 -0.06292
4.79536 1.59838 0.06414 -0.06402
4.79668 1.4388 0.0677 -0.06704
4.798 1.54746 0.06323 -0.06426
4.79932 1.58302 0.0621 -0.06198
4.80064 1.52396 0.06111 -0.06107
4.80196 1.49262 0.06342 -0.06338
4.80328 1.44243 0.06502 -0.06434
4.80461 1.57917 0.0619 -0.06213
4.80593 1.52696 0.06371 -0.06274
4.80725 1.46054 0.06474 -0.06448
4.80857 1.58072 0.06225 -0.06299
4.80989 1.578 0.06483 -0.06666
4.81121 1.46444 0.06326 -0.06333
4.81253 1.53596 0.06394 -0.06271
4.81385 1.60232 0.06296 -0.06241
4.81517 1.61531 0.0646 -0.06543
4.81649 1.56581 0.06511 -0.06643
4.81781 1.52135 0.06253 -0.06268
4.81913 1.57764 0.06469 -0.06378
4.82045 1.52045 0.06344 -0.0635
4.82177 1.56212 0.06297 -0.063
4.82309 1.48852 0.06253 -0.06332
4.82441 1.68064 0.06479 -0.06541
4.82573 1.46951 0.06626 -0.06648
4.82705 1.52404 0.06461 -0.06506
4.82837 1.49931 0.0653 -0.0658
4.82969 1.43897 0.06405 -0.06349
4.83101 1.56414 0.06545 -0.06585
4.83232 1.54005 0.06277 -0.06473
4.83362 1.47929 0.0626 -0.06279
4.83494 1.48277 0.0659 -0.06562
4.83626 1.39877 0.06314 -0.06355
4.83758 1.42219 0.06778 -0.06894
4.8389 1.51627 0.06743 -0.0676
4.84022 1.41227 0.06498 -0.06426
4.84152 1.6064 0.06425 -0.06469
4.84283 1.41648 0.06478 -0.06402
4.84415 1.42051 0.06644 -0.06568
4.84547 1.46126 0.06546 -0.06505
4.84679 1.41748 0.06486 -0.06472
4.84811 1.48098 0.06549 -0.06621
4.84942 1.45101 0.06675 -0.06728
4.85074 1.53289 0.06336 -0.06297
4.85206 1.48772 0.06541 -0.06522
4.85338 1.71646 0.06557 -0.06473
4.8547 1.5663 0.06631 -0.06575
4.85602 1.51255 0.06784 -0.06748
4.85734 1.52128 0.06388 -0.06452
4.85866 1.49834 0.06476 -0.06546
4.85998 1.43179 0.06822 -0.06758
4.8613 1.45455 0.06342 -0.06477
4.86262 1.60091 0.06585 -0.06595
4.86394 1.54501 0.06479 -0.06529
4.86526 1.44838 0.06666 -0.06562
4.86657 1.46792 0.06452 -0.06509
4.86789 1.51748 0.06535 -0.06434
4.86921 1.49897 0.06579 -0.06533
4.87053 1.62056 0.06434 -0.0639
4.87185 1.65232 0.06731 -0.06726
4.87317 1.61444 0.06764 -0.06793
4.87449 1.56799 0.06797 -0.06771
4.87581 1.59351 0.06705 -0.06727
4.87712 1.50728 0.06376 -0.0645
4.87844 1.49554 0.06623 -0.06558
4.87976 1.62122 0.06657 -0.06609
4.88108 1.47944 0.06503 -0.06638
4.88238 1.43035 0.06561 -0.06573
4.88368 1.49596 0.06786 -0.06739
4.885 1.49831 0.06926 -0.0687
4.88632 1.51963 0.06548 -0.06593
4.88764 1.51501 0.06803 -0.06846
4.88896 1.61864 0.06762 -0.06846
4.89026 1.52341 0.06445 -0.06531
4.89156 1.47959 0.06595 -0.06764
4.89288 1.59429 0.06198 -0.06373
4.8942 1.44973 0.06253 -0.0631
4.89552 1.57023 0.06535 -0.06602
4.89683 1.61306 0.06478 -0.06514
4.89815 1.50541 0.06883 -0.0686
4.89947 1.49538 0.06489 -0.06398
4.90079 1.55916 0.06669 -0.06618
4.90211 1.5329 0.06943 -0.06846
4.90342 1.52717 0.06694 -0.06618
4.90474 1.55442 0.06688 -0.06667
4.90606 1.43576 0.06491 -0.06436
4.90738 1.46959 0.06651 -0.0664
4.90869 1.63165 0.06812 -0.06866
4.91001 1.53901 0.06567 -0.06577
4.91133 1.56143 0.06819 -0.06778
4.91265 1.52919 0.06977 -0.06815
4.91396 1.52196 0.06711 -0.06705
4.91528 1.51645 0.06703 -0.06694
4.9166 1.50576 0.0685 -0.06977
4.91792 1.47296 0.06668 -0.06662
4.91923 1.58556 0.06735 -0.06855
4.92055 1.5477 0.06696 -0.06812
4.92187 1.55172 0.06844 -0.06807
4.92319 1.61754 0.06555 -0.06546
4.9245 1.51776 0.06728 -0.06743
4.92582 1.56206 0.06946 -0.06927
4.92714 1.47441 0.0673 -0.06765
4.92844 1.4723 0.06729 -0.0674
4.92974 1.50822 0.06745 -0.06802
4.93106 1.65274 0.07095 -0.07167
4.93237 1.59788 0.06805 -0.06896
4.93369 1.65395 0.07239 -0.07128
4.93501 1.62884 0.06655 -0.0665
4.93631 1.55426 0.06709 -0.06743
4.93761 1.58919 0.07206 -0.07067
4.93892 1.52542 0.06631 -0.06629
4.94024 1.63143 0.06643 -0.06632
4.94156 1.47103 0.06987 -0.0687
4.94287 1.55893 0.06721 -0.06801
4.94419 1.4703 0.06725 -0.06706
4.94551 1.64624 0.06794 -0.067
4.94682 1.43935 0.06871 -0.0696
4.94814 1.50794 0.06939 -0.06883
4.94946 1.60832 0.06858 -0.06859
4.95077 1.61426 0.06989 -0.07047
4.95209 1.62027 0.07204 -0.07145
4.9534 1.59279 0.06707 -0.06817
4.95472 1.58976 0.06767 -0.0679
4.95604 1.46958 0.06831 -0.06801
4.95735 1.51385 0.06875 -0.06853
4.95867 1.49833 0.0683 -0.06797
4.95999 1.45033 0.07033 -0.06922
4.9613 1.48762 0.06859 -0.06985
4.96262 1.49476 0.06888 -0.06844
4.96393 1.60287 0.06954 -0.06976
4.96525 1.54682 0.06972 -0.06845
4.96657 1.61892 0.07111 -0.07229
4.96788 1.59264 0.07055 -0.07155
4.9692 1.46893 0.06996 -0.06875
4.97051 1.51991 0.07178 -0.07081
4.97183 1.50863 0.07381 -0.07315
4.97314 1.52258 0.07093 -0.06945
4.97444 1.56709 0.07186 -0.07176
4.97574 1.59068 0.07188 -0.0724
4.97706 1.63689 0.06892 -0.0675
4.97837 1.43527 0.06993 -0.06937
4.97969 1.5902 0.07206 -0.07057
4.98099 1.59943 0.07 -0.06999
4.98229 1.51418 0.07042 -0.07021
4.9836 1.59454 0.06227 -0.0626
4.98492 1.40084 0.06985 -0.06985
4.98623 1.48439 0.07045 -0.07093
4.98755 1.44993 0.07154 -0.07158
4.98886 1.517 0.07082 -0.07026
4.99018 1.66983 0.0697 -0.06903
4.99149 1.61483 0.07065 -0.07064
4.99281 1.3993 0.06983 -0.07059
4.99412 1.44363 0.06961 -0.07025
4.99544 1.52327 0.07017 -0.07084
4.99675 1.56485 0.06925 -0.06847
4.99807 1.46343 0.06961 -0.0701
4.99938 1.61412 0.07236 -0.07164
5.0007 1.58259 0.07217 -0.07255
5.00201 1.48798 0.06967 -0.07015
5.00333 1.55366 0.07203 -0.07188
5.00464 1.57818 0.0712 -0.07087
5.00595 1.62349 0.07132 -0.07114
5.00727 1.51704 0.07245 -0.07217
5.00858 1.5797 0.071 -0.0704
5.0099 1.5692 0.06895 -0.06865
5.01121 1.52059 0.07171 -0.07091
5.01253 1.51678 0.07391 -0.07478
5.01384 1.47368 0.071 -0.07189
5.01515 1.60184 0.07194 -0.07218
5.01645 1.39986 0.07584 -0.07618
5.01775 1.44098 0.0713 -0.07042
5.01906 1.57343 0.07222 -0.07179
5.02038 1.62734 0.07516 -0.07436
5.02169 1.60746 0.07086 -0.07086
5.02299 1.53416 0.07104 -0.07216
5.02429 1.47128 0.0749 -0.07567
5.0256 1.46822 0.07418 -0.07376
5.02691 1.60359 0.07208 -0.07154
5.02823 1.49425 0.072 -0.0717
5.02954 1.60708 0.07107 -0.07272
5.03086 1.59829 0.06964 -0.0701
5.03217 1.4296 0.07411 -0.07471
5.03348 1.63676 0.07294 -0.07205
5.0348 1.63224 0.07177 -0.0711
5.03611 1.43071 0.07262 -0.07137
5.03742 1.5469 0.07096 -0.07087
5.03874 1.62414 0.07368 -0.07304
5.04005 1.51898 0.07373 -0.07262
5.04136 1.49778 0.07264 -0.07375
5.04268 1.59371 0.07714 -0.07703
5.04399 1.43194 0.07214 -0.07198
5.0453 1.49229 0.07221 -0.07129
5.04662 1.55389 0.07346 -0.07286
5.04793 1.47371 0.07109 -0.07079
5.04924 1.63573 0.07315 -0.07178
5.05056 1.39151 0.07378 -0.07464
5.05187 1.52684 0.07443 -0.0732
5.05318 1.59834 0.07096 -0.0709
5.05449 1.43878 0.07147 -0.07122
5.05581 1.5424 0.07053 -0.07136
5.05712 1.50685 0.07464 -0.07468
5.05842 1.594 0.07366 -0.07394
5.05971 1.60343 0.07353 -0.07252
5.06103 1.65689 0.07192 -0.07092
5.06234 1.61976 0.07355 -0.07395
5.06363 1.55862 0.07309 -0.07231
5.06493 1.56964 0.07528 -0.07561
5.06624 1.53939 0.07591 -0.07536
5.06756 1.5273 0.07214 -0.07124
5.06887 1.59141 0.07061 -0.07012
5.07018 1.32874 0.07054 -0.07026
5.07149 1.60915 0.07235 -0.07146
5.0728 1.51802 0.07012 -0.07003
5.07412 1.3891 0.07224 -0.07311
5.07543 1.52803 0.07229 -0.07192
5.07674 1.54239 0.06965 -0.06895
5.07805 1.5279 0.07123 -0.07079
5.07937 1.52823 0.07245 -0.07214
5.08068 1.44037 0.07258 -0.07354
5.08199 1.57118 0.07081 -0.07039
5.0833 1.61499 0.07558 -0.07514
5.08461 1.48919 0.07075 -0.07058
5.08592 1.499 0.0719 -0.07206
5.08724 1.57685 0.07191 -0.07291
5.08855 1.55924 0.0721 -0.07224
5.08986 1.45697 0.0718 -0.07134
5.09117 1.49421 0.0705 -0.07142
5.09248 1.51368 0.07209 -0.07174
5.09379 1.48663 0.07208 -0.072
5.09511 1.45274 0.07192 -0.07161
5.09642 1.537 0.07204 -0.07193
5.09771 1.46003 0.0743 -0.07341
5.09901 1.53908 0.07169 -0.07156
5.10032 1.43824 0.07235 -0.07165
5.10163 1.55672 0.07253 -0.07296
5.10294 1.73539 0.07168 -0.0721
5.10425 1.48563 0.07297 -0.07319
5.10556 1.70926 0.07329 -0.07422
5.10687 1.47071 0.07187 -0.07211
5.10819 1.60621 0.07559 -0.07523
5.1095 1.52725 0.07301 -0.07189
5.11081 1.52872 0.0708 -0.07126
5.11212 1.59957 0.07693 -0.07517
5.11343 1.45976 0.07115 -0.07227
5.11474 1.4649 0.07154 -0.07262
5.11605 1.52469 0.07376 -0.07292
5.11736 1.52895 0.07439 -0.07332
5.11867 1.5503 0.07469 -0.07492
5.11998 1.51014 0.07713 -0.07651
5.12129 1.49319 0.07395 -0.07405
5.1226 1.57715 0.078 -0.07706
5.12391 1.37164 0.0765 -0.07633
5.12522 1.47499 0.07167 -0.07227
5.12653 1.65663 0.07495 -0.07375
5.12784 1.45889 0.07431 -0.07482
5.12915 1.45713 0.07645 -0.07703
5.13046 1.66926 0.08403 -0.08442
5.13177 1.4862 0.1649 -0.16106
5.13309 1.44493 0.07524 -0.07354
5.1344 1.46672 0.07716 -0.07748
5.13569 1.42804 0.07603 -0.07626
5.13698 1.35602 0.07406 -0.07388
5.13829 1.39214 0.07481 -0.07425
5.1396 1.54085 0.07613 -0.07523
5.14091 1.47757 0.07658 -0.0769
5.14222 1.57981 0.076 -0.07572
5.14353 1.56609 0.07411 -0.07532
5.14484 1.4706 0.07466 -0.07501
5.14615 1.524 0.07565 -0.07514
5.14746 1.4853 0.07467 -0.07538
5.14877 1.59508 0.07568 -0.07546
5.15008 1.57989 0.07461 -0.07497
5.15139 1.59432 0.07865 -0.07811
5.1527 1.44028 0.07617 -0.07585
5.15401 1.64652 0.07736 -0.07748
5.15532 1.51625 0.07658 -0.07659
5.15663 1.48067 0.07353 -0.07478
5.15794 1.52315 0.07364 -0.07469
5.15924 1.57657 0.07942 -0.07991
5.16055 1.49098 0.07542 -0.07596
5.16186 1.45888 0.07716 -0.07684
5.16317 1.53767 0.07847 -0.07722
5.16448 1.46235 0.07761 -0.07688
5.16579 1.57994 0.08203 -0.08114
5.1671 1.55061 0.08591 -0.08557
5.16841 1.49259 0.09408 -0.09348
5.16972 1.5718 0.09945 -0.10011
5.17102 1.51613 0.10694 -0.10658
