1.258925411794167282e+01 1.635537093149286997e-02 1.000000000000000082e-05
1.254580400345803248e+01 1.635315530587970467e-02 1.000000000000000082e-05
1.250250385119064056e+01 1.634295798437380293e-02 1.000000000000000082e-05
1.245935314356514034e+01 1.632290085859114045e-02 1.000000000000000082e-05
1.241635136479347246e+01 1.631910055350855107e-02 1.000000000000000082e-05
1.237349800086776241e+01 1.631880737252417238e-02 1.000000000000000082e-05
1.233079253955416199e+01 1.631072125067439468e-02 1.000000000000000082e-05
1.228823447038672256e+01 1.631891820678379318e-02 1.000000000000000082e-05
1.224582328466133241e+01 1.631811606568033673e-02 1.000000000000000082e-05
1.220355847542957051e+01 1.629661601013915675e-02 1.000000000000000082e-05
1.216143953749268647e+01 1.628282844205704988e-02 1.000000000000000082e-05
1.211946596739555915e+01 1.631188769811996869e-02 1.000000000000000082e-05
1.207763726342066590e+01 1.630311170341473131e-02 1.000000000000000082e-05
1.203595292558212293e+01 1.629745430665225162e-02 1.000000000000000082e-05
1.199441245561965097e+01 1.628770529117645749e-02 1.000000000000000082e-05
1.195301535699265827e+01 1.629696027161209315e-02 1.000000000000000082e-05
1.191176113487429689e+01 1.627248496834177161e-02 1.000000000000000082e-05
1.187064929614553144e+01 1.626793438705070524e-02 1.000000000000000082e-05
1.182967934938930377e+01 1.627318129209871789e-02 1.000000000000000082e-05
1.178885080488457326e+01 1.630580021082281630e-02 1.000000000000000082e-05
1.174816317460051884e+01 1.630226316856455207e-02 1.000000000000000082e-05
1.170761597219068051e+01 1.627400770380381737e-02 1.000000000000000082e-05
1.166720871298719509e+01 1.627243509606397798e-02 1.000000000000000082e-05
1.162694091399492891e+01 1.626415571065177937e-02 1.000000000000000082e-05
1.158681209388574906e+01 1.627666483954771232e-02 1.000000000000000082e-05
1.154682177299276624e+01 1.627390492299135918e-02 1.000000000000000082e-05
1.150696947330458286e+01 1.625086200079072646e-02 1.000000000000000082e-05
1.146725471845963007e+01 1.628131747868075477e-02 1.000000000000000082e-05
1.142767703374039989e+01 1.624161102979631427e-02 1.000000000000000082e-05
1.138823594606782130e+01 1.624753329905965007e-02 1.000000000000000082e-05
1.134893098399558831e+01 1.628434258643875546e-02 1.000000000000000082e-05
1.130976167770452356e+01 1.627307066619082879e-02 1.000000000000000082e-05
1.127072755899699530e+01 1.625457656236256251e-02 1.000000000000000082e-05
1.123182816129126138e+01 1.625261494683969202e-02 1.000000000000000082e-05
1.119306301961593242e+01 1.628211337501024591e-02 1.000000000000000082e-05
1.115443167060441176e+01 1.626091204038264404e-02 1.000000000000000082e-05
1.111593365248933019e+01 1.624752888299784565e-02 1.000000000000000082e-05
1.107756850509708713e+01 1.626163322833685393e-02 1.000000000000000082e-05
1.103933576984227116e+01 1.628276674782346695e-02 1.000000000000000082e-05
1.100123498972222968e+01 1.628380928102798192e-02 1.000000000000000082e-05
1.096326570931159239e+01 1.625560762209219204e-02 1.000000000000000082e-05
1.092542747475681963e+01 1.627467207552923262e-02 1.000000000000000082e-05
1.088771983377081476e+01 1.626157354424410950e-02 1.000000000000000082e-05
1.085014233562746178e+01 1.624873447170495019e-02 1.000000000000000082e-05
1.081269453115626789e+01 1.624349124564425720e-02 1.000000000000000082e-05
1.077537597273700243e+01 1.629229264879556230e-02 1.000000000000000082e-05
1.073818621429431452e+01 1.626131970621576966e-02 1.000000000000000082e-05
1.070112481129246262e+01 1.626964093610703058e-02 1.000000000000000082e-05
1.066419132072992326e+01 1.626356402111639454e-02 1.000000000000000082e-05
1.062738530113414548e+01 1.630919690273393771e-02 1.000000000000000082e-05
1.059070631255626083e+01 1.628109964434208690e-02 1.000000000000000082e-05
1.055415391656581647e+01 1.628521325839106873e-02 1.000000000000000082e-05
1.051772767624557225e+01 1.628133741893204867e-02 1.000000000000000082e-05
1.048142715618621779e+01 1.628783977275952838e-02 1.000000000000000082e-05
1.044525192248121215e+01 1.628029811674736038e-02 1.000000000000000082e-05
1.040920154272158094e+01 1.630697332862004328e-02 1.000000000000000082e-05
1.037327558599074173e+01 1.628798205391254056e-02 1.000000000000000082e-05
1.033747362285939708e+01 1.629525488847911527e-02 1.000000000000000082e-05
1.030179522538033332e+01 1.631310130677804740e-02 1.000000000000000082e-05
1.026623996708334552e+01 1.629648966026883000e-02 1.000000000000000082e-05
1.023080742297014112e+01 1.630348867006148339e-02 1.000000000000000082e-05
1.019549716950923290e+01 1.630259334186371506e-02 1.000000000000000082e-05
1.016030878463093501e+01 1.628885231846274179e-02 1.000000000000000082e-05
1.012524184772224167e+01 1.632459529706327406e-02 1.000000000000000082e-05
1.009029593962184634e+01 1.631349079332044053e-02 1.000000000000000082e-05
1.005547064261512524e+01 1.632745513222799011e-02 1.000000000000000082e-05
1.002076554042912804e+01 1.634363438930518803e-02 1.000000000000000082e-05
9.986180218227644900e+00 1.632414994148043488e-02 1.000000000000000082e-05
9.951714262606182970e+00 1.635284602272964183e-02 1.000000000000000082e-05
9.917367261587070715e+00 1.633813867125100822e-02 1.000000000000000082e-05
9.883138804614533868e+00 1.634660963081858293e-02 1.000000000000000082e-05
9.849028482549758934e+00 1.635794474919112507e-02 1.000000000000000082e-05
9.815035887666034853e+00 1.634330655373756463e-02 1.000000000000000082e-05
9.781160613643852031e+00 1.636514227664557369e-02 1.000000000000000082e-05
9.747402255566061768e+00 1.636897239535774554e-02 1.000000000000000082e-05
9.713760409913039240e+00 1.639094998328643679e-02 1.000000000000000082e-05
9.680234674557841146e+00 1.637436381654129580e-02 1.000000000000000082e-05
9.646824648761421983e+00 1.639133845343438214e-02 1.000000000000000082e-05
9.613529933167834329e+00 1.638481141695235371e-02 1.000000000000000082e-05
9.580350129799432679e+00 1.639493214480747946e-02 1.000000000000000082e-05
9.547284842052169651e+00 1.638453373540635707e-02 1.000000000000000082e-05
9.514333674690796272e+00 1.641272754754597579e-02 1.000000000000000082e-05
9.481496233844181276e+00 1.641336520868573109e-02 1.000000000000000082e-05
9.448772127000580667e+00 1.642901870958696567e-02 1.000000000000000082e-05
9.416160963002946360e+00 1.642789426566656358e-02 1.000000000000000082e-05
9.383662352044270349e+00 1.641620468846237066e-02 1.000000000000000082e-05
9.351275905662896903e+00 1.641904863069080719e-02 1.000000000000000082e-05
9.319001236737900484e+00 1.643392455295693277e-02 1.000000000000000082e-05
9.286837959484453009e+00 1.643830711199930489e-02 1.000000000000000082e-05
9.254785689449198216e+00 1.643579109608676869e-02 1.000000000000000082e-05
9.222844043505689982e+00 1.644238990496305064e-02 1.000000000000000082e-05
9.191012639849768462e+00 1.644756553555217979e-02 1.000000000000000082e-05
9.159291097995042819e+00 1.645245972940319323e-02 1.000000000000000082e-05
9.127679038768299336e+00 1.645864490181039863e-02 1.000000000000000082e-05
9.096176084304994802e+00 1.645770179224689128e-02 1.000000000000000082e-05
9.064781858044746343e+00 1.646292649885749276e-02 1.000000000000000082e-05
9.033495984726799932e+00 1.646181191659524395e-02 1.000000000000000082e-05
9.002318090385584171e+00 1.646809411094233427e-02 1.000000000000000082e-05
8.971247802346201894e+00 1.647277745460939968e-02 1.000000000000000082e-05
8.940284749219994609e+00 1.647236425183962183e-02 1.000000000000000082e-05
8.909428560900121141e+00 1.647315451407804082e-02 1.000000000000000082e-05
8.878678868557084769e+00 1.647527699557659736e-02 1.000000000000000082e-05
8.848035304634381149e+00 1.647728375377091256e-02 1.000000000000000082e-05
8.817497502844057422e+00 1.648288034047322437e-02 1.000000000000000082e-05
8.787065098162369026e+00 1.648127025935317361e-02 1.000000000000000082e-05
8.756737726825392087e+00 1.648913499089980222e-02 1.000000000000000082e-05
8.726515026324683788e+00 1.648295198908191275e-02 1.000000000000000082e-05
8.696396635402964037e+00 1.648803388204647322e-02 1.000000000000000082e-05
8.666382194049765175e+00 1.648740704667614812e-02 1.000000000000000082e-05
8.636471343497165165e+00 1.648914847031717965e-02 1.000000000000000082e-05
8.606663726215465715e+00 1.648965591103991948e-02 1.000000000000000082e-05
8.576958985908939681e+00 1.649085062740350202e-02 1.000000000000000082e-05
8.547356767511573139e+00 1.649382638331486212e-02 1.000000000000000082e-05
8.517856717182802129e+00 1.649188950242957627e-02 1.000000000000000082e-05
8.488458482303309793e+00 1.649342868802578313e-02 1.000000000000000082e-05
8.459161711470787992e+00 1.649429621243249378e-02 1.000000000000000082e-05
8.429966054495741545e+00 1.649389470300432342e-02 1.000000000000000082e-05
8.400871162397324454e+00 1.649478730169999519e-02 1.000000000000000082e-05
8.371876687399131711e+00 1.649320234019914858e-02 1.000000000000000082e-05
8.342982282925079929e+00 1.649520827723886807e-02 1.000000000000000082e-05
8.314187603595231124e+00 1.649609667191826237e-02 1.000000000000000082e-05
8.285492305221684006e+00 1.649669931149151669e-02 1.000000000000000082e-05
8.256896044804463486e+00 1.649568770449763230e-02 1.000000000000000082e-05
8.228398480527399528e+00 1.649539421883288934e-02 1.000000000000000082e-05
8.199999271754068175e+00 1.649656293557637265e-02 1.000000000000000082e-05
8.171698079023695271e+00 1.649663634490066907e-02 1.000000000000000082e-05
8.143494564047109918e+00 1.649580234068919946e-02 1.000000000000000082e-05
8.115388389702715699e+00 1.649583314677344550e-02 1.000000000000000082e-05
8.087379220032422822e+00 1.649660284820970990e-02 1.000000000000000082e-05
8.059466720237676185e+00 1.649641315669852712e-02 1.000000000000000082e-05
8.031650556675423047e+00 1.649682762162146127e-02 1.000000000000000082e-05
8.003930396854130436e+00 1.649744859851792408e-02 1.000000000000000082e-05
7.976305909429829200e+00 1.649796398776441630e-02 1.000000000000000082e-05
7.948776764202120759e+00 1.649801699436291222e-02 1.000000000000000082e-05
7.921342632110269122e+00 1.649821141082204873e-02 1.000000000000000082e-05
7.894003185229232500e+00 1.649831550105591849e-02 1.000000000000000082e-05
7.866758096765756214e+00 1.649838129577355789e-02 1.000000000000000082e-05
7.839607041054484249e+00 1.649838709802536885e-02 1.000000000000000082e-05
7.812549693554031727e+00 1.649840260667955610e-02 1.000000000000000082e-05
7.785585730843143537e+00 1.649839942623725075e-02 1.000000000000000082e-05
7.758714830616794345e+00 1.649837807729316944e-02 1.000000000000000082e-05
7.731936671682356099e+00 1.649830881934541763e-02 1.000000000000000082e-05
7.705250933955759329e+00 1.649813297978725349e-02 1.000000000000000082e-05
7.678657298457648217e+00 1.649713461019458247e-02 1.000000000000000082e-05
7.652155447309600511e+00 1.649537457849062708e-02 1.000000000000000082e-05
7.625745063730291484e+00 1.649510408488525162e-02 1.000000000000000082e-05
7.599425832031728056e+00 1.649609210444789517e-02 1.000000000000000082e-05
7.573197437615480254e+00 1.649644700627124483e-02 1.000000000000000082e-05
7.547059566968902011e+00 1.649707880318920447e-02 1.000000000000000082e-05
7.521011907661403484e+00 1.649748583194383944e-02 1.000000000000000082e-05
7.495054148340698497e+00 1.649791656222276970e-02 1.000000000000000082e-05
7.469185978729090181e+00 1.649813703659331124e-02 1.000000000000000082e-05
7.443407089619775263e+00 1.649820815024801574e-02 1.000000000000000082e-05
7.417717172873121712e+00 1.649812555578041018e-02 1.000000000000000082e-05
7.392115921413014767e+00 1.649813963217912349e-02 1.000000000000000082e-05
7.366603029223158572e+00 1.649824349308477711e-02 1.000000000000000082e-05
7.341178191343431081e+00 1.649820860666350447e-02 1.000000000000000082e-05
7.315841103866254969e+00 1.649792808242813921e-02 1.000000000000000082e-05
7.290591463932927674e+00 1.649780373421484703e-02 1.000000000000000082e-05
7.265428969730042930e+00 1.649773939955150037e-02 1.000000000000000082e-05
7.240353320485847455e+00 1.649782277455084933e-02 1.000000000000000082e-05
7.215364216466663372e+00 1.649734889080288133e-02 1.000000000000000082e-05
7.190461358973314177e+00 1.649677060319841224e-02 1.000000000000000082e-05
7.165644450337529392e+00 1.649662948164103138e-02 1.000000000000000082e-05
7.140913193918412283e+00 1.649593942918906736e-02 1.000000000000000082e-05
7.116267294098872931e+00 1.649529679148068612e-02 1.000000000000000082e-05
7.091706456282104831e+00 1.649245127208085610e-02 1.000000000000000082e-05
7.067230386888073035e+00 1.649117244060741699e-02 1.000000000000000082e-05
7.042838793349978310e+00 1.648660468691732356e-02 1.000000000000000082e-05
7.018531384110795024e+00 1.648811710152222818e-02 1.000000000000000082e-05
6.994307868619749513e+00 1.648281982858999448e-02 1.000000000000000082e-05
6.970167957328873065e+00 1.647756504432224336e-02 1.000000000000000082e-05
6.946111361689538910e+00 1.647889702962529110e-02 1.000000000000000082e-05
6.922137794148990331e+00 1.647795212637373843e-02 1.000000000000000082e-05
6.898246968146942493e+00 1.647435355465030546e-02 1.000000000000000082e-05
6.874438598112114107e+00 1.647447075926978394e-02 1.000000000000000082e-05
6.850712399458843471e+00 1.647217035653461212e-02 1.000000000000000082e-05
6.827068088583684080e+00 1.647172269839704620e-02 1.000000000000000082e-05
6.803505382861994022e+00 1.646875801587555088e-02 1.000000000000000082e-05
6.780024000644588433e+00 1.646949462007814280e-02 1.000000000000000082e-05
6.756623661254345770e+00 1.646728158739089662e-02 1.000000000000000082e-05
6.733304084982861148e+00 1.645039765361006392e-02 1.000000000000000082e-05
6.710064993087120122e+00 1.645746076761156473e-02 1.000000000000000082e-05
6.686906107786135145e+00 1.645594072666074770e-02 1.000000000000000082e-05
6.663827152257657538e+00 1.645756542033401798e-02 1.000000000000000082e-05
6.640827850634843266e+00 1.645990363101919318e-02 1.000000000000000082e-05
6.617907928002964013e+00 1.644705132194264341e-02 1.000000000000000082e-05
6.595067110396134247e+00 1.645920709318279135e-02 1.000000000000000082e-05
6.572305124794010744e+00 1.645525377751292512e-02 1.000000000000000082e-05
6.549621699118555185e+00 1.645991899767988709e-02 1.000000000000000082e-05
6.527016562230762986e+00 1.646487925176606110e-02 1.000000000000000082e-05
6.504489443927432113e+00 1.646953167265781393e-02 1.000000000000000082e-05
6.482040074937929219e+00 1.647673636014865620e-02 1.000000000000000082e-05
6.459668186920968225e+00 1.647175371190894022e-02 1.000000000000000082e-05
6.437373512461418201e+00 1.647408520036901247e-02 1.000000000000000082e-05
6.415155785067081062e+00 1.647084950280607030e-02 1.000000000000000082e-05
6.393014739165535865e+00 1.646681095550661666e-02 1.000000000000000082e-05
6.370950110100936925e+00 1.645830146411570230e-02 1.000000000000000082e-05
6.348961634130863452e+00 1.646145780961314961e-02 1.000000000000000082e-05
6.327049048423177169e+00 1.645623422579343617e-02 1.000000000000000082e-05
6.305212091052854184e+00 1.645726670651288803e-02 1.000000000000000082e-05
6.283450500998885246e+00 1.645400268673897007e-02 1.000000000000000082e-05
6.261764018141126265e+00 1.645648857140211835e-02 1.000000000000000082e-05
6.240152383257207447e+00 1.645234345824174091e-02 1.000000000000000082e-05
6.218615338019437111e+00 1.645267414599625375e-02 1.000000000000000082e-05
6.197152624991693060e+00 1.645087865698859411e-02 1.000000000000000082e-05
6.175763987626375240e+00 1.645636892050762051e-02 1.000000000000000082e-05
6.154449170261309554e+00 1.646106824494462592e-02 1.000000000000000082e-05
6.133207918116708512e+00 1.645247290733810666e-02 1.000000000000000082e-05
6.112039977292130999e+00 1.645755082055848709e-02 1.000000000000000082e-05
6.090945094763426937e+00 1.645474740372393843e-02 1.000000000000000082e-05
6.069923018379737023e+00 1.645471359696415448e-02 1.000000000000000082e-05
6.048973496860457821e+00 1.645672187955573088e-02 1.000000000000000082e-05
6.028096279792245937e+00 1.645377289572554080e-02 1.000000000000000082e-05
6.007291117626036403e+00 1.644200301562484187e-02 1.000000000000000082e-05
5.986557761674037081e+00 1.644698133221894967e-02 1.000000000000000082e-05
5.965895964106779026e+00 1.644516172220724173e-02 1.000000000000000082e-05
5.945305477950135753e+00 1.644453456531362601e-02 1.000000000000000082e-05
5.924786057082378044e+00 1.643558804924903291e-02 1.000000000000000082e-05
5.904337456231241177e+00 1.644324283575297752e-02 1.000000000000000082e-05
5.883959430970973514e+00 1.644903525124328039e-02 1.000000000000000082e-05
5.863651737719436596e+00 1.644982068226305896e-02 1.000000000000000082e-05
5.843414133735176819e+00 1.646455610508686801e-02 1.000000000000000082e-05
5.823246377114526418e+00 1.646066331207571634e-02 1.000000000000000082e-05
5.803148226788726660e+00 1.644509451937177166e-02 1.000000000000000082e-05
5.783119442521022613e+00 1.644651104776948328e-02 1.000000000000000082e-05
5.763159784903816529e+00 1.643575137638300307e-02 1.000000000000000082e-05
5.743269015355783935e+00 1.642356584582726348e-02 1.000000000000000082e-05
5.723446896119032345e+00 1.643091611238171185e-02 1.000000000000000082e-05
5.703693190256267975e+00 1.642735988238815115e-02 1.000000000000000082e-05
5.684007661647940246e+00 1.643664730477540151e-02 1.000000000000000082e-05
5.664390074989447577e+00 1.643095660501094415e-02 1.000000000000000082e-05
5.644840195788300541e+00 1.643151521976230628e-02 1.000000000000000082e-05
5.625357790361329435e+00 1.642800910640246012e-02 1.000000000000000082e-05
5.605942625831898063e+00 1.643694625208743515e-02 1.000000000000000082e-05
5.586594470127103307e+00 1.644388657987642249e-02 1.000000000000000082e-05
5.567313091975020001e+00 1.643206672276365660e-02 1.000000000000000082e-05
5.548098260901918266e+00 1.644340135675675593e-02 1.000000000000000082e-05
5.528949747229518152e+00 1.644668610536965253e-02 1.000000000000000082e-05
5.509867322072252271e+00 1.644528275324465619e-02 1.000000000000000082e-05
5.490850757334507115e+00 1.642671291739962805e-02 1.000000000000000082e-05
5.471899825707924769e+00 1.643520397683973649e-02 1.000000000000000082e-05
5.453014300668661996e+00 1.642540460699411231e-02 1.000000000000000082e-05
5.434193956474691056e+00 1.643180437273463954e-02 1.000000000000000082e-05
5.415438568163111199e+00 1.643531029846146546e-02 1.000000000000000082e-05
5.396747911547441490e+00 1.643284028711814587e-02 1.000000000000000082e-05
5.378121763214958939e+00 1.641821113041867786e-02 1.000000000000000082e-05
5.359559900524012654e+00 1.642526571024114160e-02 1.000000000000000082e-05
5.341062101601369072e+00 1.641661860890162791e-02 1.000000000000000082e-05
5.322628145339569627e+00 1.641932131714276752e-02 1.000000000000000082e-05
5.304257811394263555e+00 1.641043281599672068e-02 1.000000000000000082e-05
5.285950880181605527e+00 1.643073348490877231e-02 1.000000000000000082e-05
5.267707132875600884e+00 1.640335612042502500e-02 1.000000000000000082e-05
5.249526351405506830e+00 1.640406089017473756e-02 1.000000000000000082e-05
5.231408318453228290e+00 1.640894220443501333e-02 1.000000000000000082e-05
5.213352817450705778e+00 1.640462268590644340e-02 1.000000000000000082e-05
5.195359632577344122e+00 1.640336974205288539e-02 1.000000000000000082e-05
5.177428548757416316e+00 1.640231830475285743e-02 1.000000000000000082e-05
5.159559351657501125e+00 1.638364236859064793e-02 1.000000000000000082e-05
5.141751827683926912e+00 1.640960256941726564e-02 1.000000000000000082e-05
5.124005763980201245e+00 1.639576617552497909e-02 1.000000000000000082e-05
5.106320948424489359e+00 1.640222287173997984e-02 1.000000000000000082e-05
5.088697169627057093e+00 1.639349573072862096e-02 1.000000000000000082e-05
5.071134216927753791e+00 1.638640823222094547e-02 1.000000000000000082e-05
5.053631880393502307e+00 1.639093013201449456e-02 1.000000000000000082e-05
5.036189950815769478e+00 1.637849743864832827e-02 1.000000000000000082e-05
5.018808219708088991e+00 1.640263191208209126e-02 1.000000000000000082e-05
5.001486479303549615e+00 1.636851291021577948e-02 1.000000000000000082e-05
4.984224522552318959e+00 1.638881725733435518e-02 1.000000000000000082e-05
4.967022143119177002e+00 1.636038114100174870e-02 1.000000000000000082e-05
4.949879135381031858e+00 1.637845597110644882e-02 1.000000000000000082e-05
4.932795294424482613e+00 1.636331596949739536e-02 1.000000000000000082e-05
4.915770416043351076e+00 1.635825401117822070e-02 1.000000000000000082e-05
4.898804296736249064e+00 1.637747803588113574e-02 1.000000000000000082e-05
4.881896733704154556e+00 1.635735597610240080e-02 1.000000000000000082e-05
4.865047524847968319e+00 1.636944486642186516e-02 1.000000000000000082e-05
4.848256468766119376e+00 1.634690548574833577e-02 1.000000000000000082e-05
4.831523364752136729e+00 1.637249746426378341e-02 1.000000000000000082e-05
4.814848012792269927e+00 1.636967244875638106e-02 1.000000000000000082e-05
4.798230213563083879e+00 1.635915316321774615e-02 1.000000000000000082e-05
4.781669768429078538e+00 1.638219066951106945e-02 1.000000000000000082e-05
4.765166479440327230e+00 1.637637878633313449e-02 1.000000000000000082e-05
4.748720149330090123e+00 1.636484088598094341e-02 1.000000000000000082e-05
4.732330581512477430e+00 1.637826851860779698e-02 1.000000000000000082e-05
4.715997580080079743e+00 1.639290111774781983e-02 1.000000000000000082e-05
4.699720949801637460e+00 1.639568177936303814e-02 1.000000000000000082e-05
4.683500496119711975e+00 1.640153352047618238e-02 1.000000000000000082e-05
4.667336025148345335e+00 1.642184093066243952e-02 1.000000000000000082e-05
4.651227343670758074e+00 1.642317134331086267e-02 1.000000000000000082e-05
4.635174259137026631e+00 1.644401834996152278e-02 1.000000000000000082e-05
4.619176579661787407e+00 1.645204967023735504e-02 1.000000000000000082e-05
4.603234114021949708e+00 1.645953669735980215e-02 1.000000000000000082e-05
4.587346671654395358e+00 1.646547231213774456e-02 1.000000000000000082e-05
4.571514062653718291e+00 1.647921459592702545e-02 1.000000000000000082e-05
4.555736097769936599e+00 1.647495564191759493e-02 1.000000000000000082e-05
4.540012588406241001e+00 1.648272245406281686e-02 1.000000000000000082e-05
4.524343346616745087e+00 1.648647539556078248e-02 1.000000000000000082e-05
4.508728185104224018e+00 1.649061020991928958e-02 1.000000000000000082e-05
4.493166917217891410e+00 1.648984588310042909e-02 1.000000000000000082e-05
4.477659356951154912e+00 1.649176175054925184e-02 1.000000000000000082e-05
4.462205318939400200e+00 1.648942780122935811e-02 1.000000000000000082e-05
4.446804618457779412e+00 1.649274472459712204e-02 1.000000000000000082e-05
4.431457071418988036e+00 1.649450082814277879e-02 1.000000000000000082e-05
4.416162494371083547e+00 1.649443741326854854e-02 1.000000000000000082e-05
4.400920704495277391e+00 1.649328169971270644e-02 1.000000000000000082e-05
4.385731519603754514e+00 1.648990847849609795e-02 1.000000000000000082e-05
4.370594758137503533e+00 1.649375396011757561e-02 1.000000000000000082e-05
4.355510239164130049e+00 1.649569253824267889e-02 1.000000000000000082e-05
4.340477782375712579e+00 1.649661787343767796e-02 1.000000000000000082e-05
4.325497208086632739e+00 1.649261656107643692e-02 1.000000000000000082e-05
4.310568337231430291e+00 1.649668724979735587e-02 1.000000000000000082e-05
4.295690991362675071e+00 1.648921841631079133e-02 1.000000000000000082e-05
4.280864992648813150e+00 1.647982145603066328e-02 1.000000000000000082e-05
4.266090163872060970e+00 1.646973969276315994e-02 1.000000000000000082e-05
4.251366328426272823e+00 1.645996813942382855e-02 1.000000000000000082e-05
4.236693310314834982e+00 1.644194854562149727e-02 1.000000000000000082e-05
4.222070934148567822e+00 1.641944898610220652e-02 1.000000000000000082e-05
4.207499025143618177e+00 1.639089246563357402e-02 1.000000000000000082e-05
4.192977409119380106e+00 1.636550164539919694e-02 1.000000000000000082e-05
4.178505912496405017e+00 1.635639163195452828e-02 1.000000000000000082e-05
4.164084362294330433e+00 1.634744769889423868e-02 1.000000000000000082e-05
4.149712586129816749e+00 1.634029889887445713e-02 1.000000000000000082e-05
4.135390412214476008e+00 1.634150601380650325e-02 1.000000000000000082e-05
4.121117669352831747e+00 1.634637754864233863e-02 1.000000000000000082e-05
4.106894186940259317e+00 1.635568173836732947e-02 1.000000000000000082e-05
4.092719794960954616e+00 1.635517983645201623e-02 1.000000000000000082e-05
4.078594323985903713e+00 1.636235797792769814e-02 1.000000000000000082e-05
4.064517605170847148e+00 1.636542340721820754e-02 1.000000000000000082e-05
4.050489470254278856e+00 1.636239755224813339e-02 1.000000000000000082e-05
4.036509751555414915e+00 1.637148277131381460e-02 1.000000000000000082e-05
4.022578281972201353e+00 1.638040930688825642e-02 1.000000000000000082e-05
4.008694894979320189e+00 1.638159718109914731e-02 1.000000000000000082e-05
3.994859424626184374e+00 1.638681061521707685e-02 1.000000000000000082e-05
3.981071705534972249e+00 1.639130264265330900e-02 1.000000000000000082e-05
3.967331572898633141e+00 1.639674257968037202e-02 1.000000000000000082e-05
3.953638862478929816e+00 1.640156661477367231e-02 1.000000000000000082e-05
3.939993410604472501e+00 1.640009910600016135e-02 1.000000000000000082e-05
3.926395054168756449e+00 1.640846494701975189e-02 1.000000000000000082e-05
3.912843630628221270e+00 1.641117824138623588e-02 1.000000000000000082e-05
3.899338978000302269e+00 1.641854078004999912e-02 1.000000000000000082e-05
3.885880934861495994e+00 1.642507422349235788e-02 1.000000000000000082e-05
3.872469340345429778e+00 1.642292176908619408e-02 1.000000000000000082e-05
3.859104034140941497e+00 1.642752086714748677e-02 1.000000000000000082e-05
3.845784856490157555e+00 1.643541172789862378e-02 1.000000000000000082e-05
3.832511648186592179e+00 1.643812187719963583e-02 1.000000000000000082e-05
3.819284250573234285e+00 1.644545408723383992e-02 1.000000000000000082e-05
3.806102505540659653e+00 1.644767437489218220e-02 1.000000000000000082e-05
3.792966255525137775e+00 1.645277896226968878e-02 1.000000000000000082e-05
3.779875343506744478e+00 1.645647593993588079e-02 1.000000000000000082e-05
3.766829613007490973e+00 1.646199824622512561e-02 1.000000000000000082e-05
3.753828908089452021e+00 1.646413680548273681e-02 1.000000000000000082e-05
3.740873073352900313e+00 1.646851760237557152e-02 1.000000000000000082e-05
3.727961953934450179e+00 1.647224506418992415e-02 1.000000000000000082e-05
3.715095395505203513e+00 1.647544336973921428e-02 1.000000000000000082e-05
3.702273244268911245e+00 1.648132584959877828e-02 1.000000000000000082e-05
3.689495346960128597e+00 1.648162025736828878e-02 1.000000000000000082e-05
3.676761550842388093e+00 1.648526459063996003e-02 1.000000000000000082e-05
3.664071703706370364e+00 1.648756683677495699e-02 1.000000000000000082e-05
3.651425653868084709e+00 1.649032421378120172e-02 1.000000000000000082e-05
3.638823250167060319e+00 1.649121946292207361e-02 1.000000000000000082e-05
3.626264341964533511e+00 1.649286145664610390e-02 1.000000000000000082e-05
3.613748779141651823e+00 1.649367103055965345e-02 1.000000000000000082e-05
3.601276412097677682e+00 1.649524407561058989e-02 1.000000000000000082e-05
3.588847091748198714e+00 1.649581456235493099e-02 1.000000000000000082e-05
3.576460669523348734e+00 1.649659976722480520e-02 1.000000000000000082e-05
3.564116997366029604e+00 1.649688861307979995e-02 1.000000000000000082e-05
3.551815927730143763e+00 1.649737397772154529e-02 1.000000000000000082e-05
3.539557313578828968e+00 1.649718750224320185e-02 1.000000000000000082e-05
3.527341008382697485e+00 1.649715854926411818e-02 1.000000000000000082e-05
3.515166866118092592e+00 1.649724141963505170e-02 1.000000000000000082e-05
3.503034741265336205e+00 1.649681189534773704e-02 1.000000000000000082e-05
3.490944488806991153e+00 1.649722666123720066e-02 1.000000000000000082e-05
3.478895964226131898e+00 1.649746407076363094e-02 1.000000000000000082e-05
3.466889023504608147e+00 1.649742885797313499e-02 1.000000000000000082e-05
3.454923523121333773e+00 1.649768272142291756e-02 1.000000000000000082e-05
3.442999320050563750e+00 1.649792981309955789e-02 1.000000000000000082e-05
3.431116271760187963e+00 1.649790949234167942e-02 1.000000000000000082e-05
3.419274236210027684e+00 1.649772462979206752e-02 1.000000000000000082e-05
3.407473071850133373e+00 1.649748453232728618e-02 1.000000000000000082e-05
3.395712637619098917e+00 1.649749424640845064e-02 1.000000000000000082e-05
3.383992792942372763e+00 1.649790669111220881e-02 1.000000000000000082e-05
3.372313397730576146e+00 1.649832508001426029e-02 1.000000000000000082e-05
3.360674312377830653e+00 1.649840200474928659e-02 1.000000000000000082e-05
3.349075397760089334e+00 1.649840624215767951e-02 1.000000000000000082e-05
3.337516515233470482e+00 1.649840625133527569e-02 1.000000000000000082e-05
3.325997526632606061e+00 1.649840532092328865e-02 1.000000000000000082e-05
3.314518294268986143e+00 1.649834890208213417e-02 1.000000000000000082e-05
3.303078680929314448e+00 1.649768973230545874e-02 1.000000000000000082e-05
3.291678549873867432e+00 1.649712057388796893e-02 1.000000000000000082e-05
3.280317764834859595e+00 1.649730016922800607e-02 1.000000000000000082e-05
3.268996190014816339e+00 1.649737667465352164e-02 1.000000000000000082e-05
3.257713690084949931e+00 1.649772386717857434e-02 1.000000000000000082e-05
3.246470130183541247e+00 1.649771272777054640e-02 1.000000000000000082e-05
3.235265375914329500e+00 1.649810998988462257e-02 1.000000000000000082e-05
3.224099293344901085e+00 1.649803423866011767e-02 1.000000000000000082e-05
3.212971749005095301e+00 1.649816565345492425e-02 1.000000000000000082e-05
3.201882609885404740e+00 1.649828046200896986e-02 1.000000000000000082e-05
3.190831743435386336e+00 1.649823247105827728e-02 1.000000000000000082e-05
3.179819017562078187e+00 1.649829316113701067e-02 1.000000000000000082e-05
3.168844300628416377e+00 1.649814752513105442e-02 1.000000000000000082e-05
3.157907461451666897e+00 1.649817398767849247e-02 1.000000000000000082e-05
3.147008369301856234e+00 1.649813323561379400e-02 1.000000000000000082e-05
3.136146893900205068e+00 1.649810750590811198e-02 1.000000000000000082e-05
3.125322905417576180e+00 1.649788628085082851e-02 1.000000000000000082e-05
3.114536274472918365e+00 1.649741638532550153e-02 1.000000000000000082e-05
3.103786872131721886e+00 1.649665259029229822e-02 1.000000000000000082e-05
3.093074569904478377e+00 1.649582470642813395e-02 1.000000000000000082e-05
3.082399239745142960e+00 1.649424789784986398e-02 1.000000000000000082e-05
3.071760754049604358e+00 1.649286479115976214e-02 1.000000000000000082e-05
3.061158985654159004e+00 1.648993976979467799e-02 1.000000000000000082e-05
3.050593807833992699e+00 1.648673641962480202e-02 1.000000000000000082e-05
3.040065094301664494e+00 1.648182661856349707e-02 1.000000000000000082e-05
3.029572719205598119e+00 1.647474516665718355e-02 1.000000000000000082e-05
3.019116557128576961e+00 1.646566255411567592e-02 1.000000000000000082e-05
3.008696483086243045e+00 1.646834644537110287e-02 1.000000000000000082e-05
2.998312372525607561e+00 1.644432797296793355e-02 1.000000000000000082e-05
2.987964101323558719e+00 1.645422648149974520e-02 1.000000000000000082e-05
2.977651545785378939e+00 1.643810759292836654e-02 1.000000000000000082e-05
2.967374582643266923e+00 1.644293439291070330e-02 1.000000000000000082e-05
2.957133089054861053e+00 1.642773448088296132e-02 1.000000000000000082e-05
2.946926942601776123e+00 1.644144642085183794e-02 1.000000000000000082e-05
2.936756021288137397e+00 1.643400430426731132e-02 1.000000000000000082e-05
2.926620203539121334e+00 1.643192139654668302e-02 1.000000000000000082e-05
2.916519368199505191e+00 1.643439623332089775e-02 1.000000000000000082e-05
2.906453394532213519e+00 1.644607240439746251e-02 1.000000000000000082e-05
2.896422162216882867e+00 1.643285936774400990e-02 1.000000000000000082e-05
2.886425551348417162e+00 1.642295151497271191e-02 1.000000000000000082e-05
2.876463442435556850e+00 1.642288899701764560e-02 1.000000000000000082e-05
2.866535716399450706e+00 1.643138402221648586e-02 1.000000000000000082e-05
2.856642254572232531e+00 1.643714183108740609e-02 1.000000000000000082e-05
2.846782938695599618e+00 1.643820745715301665e-02 1.000000000000000082e-05
2.836957650919405438e+00 1.644013377830442699e-02 1.000000000000000082e-05
2.827166273800245655e+00 1.643170441326337675e-02 1.000000000000000082e-05
2.817408690300056140e+00 1.645018751754137587e-02 1.000000000000000082e-05
2.807684783784714089e+00 1.644526786294110005e-02 1.000000000000000082e-05
2.797994438022642694e+00 1.643050794504683984e-02 1.000000000000000082e-05
2.788337537183423809e+00 1.642220223660637371e-02 1.000000000000000082e-05
2.778713965836412392e+00 1.643800362671645268e-02 1.000000000000000082e-05
2.769123608949356719e+00 1.644364156189663528e-02 1.000000000000000082e-05
2.759566351887023483e+00 1.644965425550883389e-02 1.000000000000000082e-05
2.750042080409825562e+00 1.644343885013090437e-02 1.000000000000000082e-05
2.740550680672460437e+00 1.644827987372848854e-02 1.000000000000000082e-05
2.731092039222547285e+00 1.644399907320785725e-02 1.000000000000000082e-05
2.721666042999270285e+00 1.644650118441859377e-02 1.000000000000000082e-05
2.712272579332028144e+00 1.645088889002229576e-02 1.000000000000000082e-05
2.702911535939085841e+00 1.645275403115949164e-02 1.000000000000000082e-05
2.693582800926234810e+00 1.645207269506097567e-02 1.000000000000000082e-05
2.684286262785454458e+00 1.644245321290327411e-02 1.000000000000000082e-05
2.675021810393577670e+00 1.643302771719176714e-02 1.000000000000000082e-05
2.665789333010966544e+00 1.642965299848351754e-02 1.000000000000000082e-05
2.656588720280182336e+00 1.642201061088035055e-02 1.000000000000000082e-05
2.647419862224673626e+00 1.641184147610575544e-02 1.000000000000000082e-05
2.638282649247456479e+00 1.641281504289137522e-02 1.000000000000000082e-05
2.629176972129806611e+00 1.641810061903033191e-02 1.000000000000000082e-05
2.620102722029954645e+00 1.642382355483872763e-02 1.000000000000000082e-05
2.611059790481780496e+00 1.641321158700413674e-02 1.000000000000000082e-05
2.602048069393523733e+00 1.641962329319841818e-02 1.000000000000000082e-05
2.593067451046486838e+00 1.642852021405561552e-02 1.000000000000000082e-05
2.584117828093748237e+00 1.642689580268972063e-02 1.000000000000000082e-05
2.575199093558881991e+00 1.643574396516428796e-02 1.000000000000000082e-05
2.566311140834673488e+00 1.643100274162197227e-02 1.000000000000000082e-05
2.557453863681850681e+00 1.642900996633264027e-02 1.000000000000000082e-05
2.548627156227812218e+00 1.643098390077039200e-02 1.000000000000000082e-05
2.539830912965361343e+00 1.643241063895026569e-02 1.000000000000000082e-05
2.531065028751445567e+00 1.642993329428595051e-02 1.000000000000000082e-05
2.522329398805897682e+00 1.643272007032255122e-02 1.000000000000000082e-05
2.513623918710186977e+00 1.644462619603796749e-02 1.000000000000000082e-05
2.504948484406169129e+00 1.644567093441323333e-02 1.000000000000000082e-05
2.496302992194841863e+00 1.644701336310561146e-02 1.000000000000000082e-05
2.487687338735106390e+00 1.644632548382564743e-02 1.000000000000000082e-05
2.479101421042532394e+00 1.645283094215225714e-02 1.000000000000000082e-05
2.470545136488123905e+00 1.644915771975027224e-02 1.000000000000000082e-05
2.462018382797097615e+00 1.645525155828627545e-02 1.000000000000000082e-05
2.453521058047657633e+00 1.645594031164311979e-02 1.000000000000000082e-05
2.445053060669776901e+00 1.645902670610811108e-02 1.000000000000000082e-05
2.436614289443983505e+00 1.646011028993563455e-02 1.000000000000000082e-05
2.428204643500150528e+00 1.645910688049175702e-02 1.000000000000000082e-05
2.419824022316292123e+00 1.646399994874337899e-02 1.000000000000000082e-05
2.411472325717358700e+00 1.646566556832213327e-02 1.000000000000000082e-05
2.403149453874043218e+00 1.646438055311814572e-02 1.000000000000000082e-05
2.394855307301584801e+00 1.647085640655085795e-02 1.000000000000000082e-05
2.386589786858580808e+00 1.647996043597725613e-02 1.000000000000000082e-05
2.378352793745801996e+00 1.647904879674819481e-02 1.000000000000000082e-05
2.370144229505012134e+00 1.647292959117080055e-02 1.000000000000000082e-05
2.361963996017789391e+00 1.647337885215143308e-02 1.000000000000000082e-05
2.353811995504354826e+00 1.647556140201800190e-02 1.000000000000000082e-05
2.345688130522402659e+00 1.648055276317432483e-02 1.000000000000000082e-05
2.337592303965936757e+00 1.648172854241089849e-02 1.000000000000000082e-05
2.329524419064110230e+00 1.647968677749772279e-02 1.000000000000000082e-05
2.321484379380064134e+00 1.647124979118731042e-02 1.000000000000000082e-05
2.313472088809783500e+00 1.646050533992247586e-02 1.000000000000000082e-05
2.305487451580938707e+00 1.646372626762134320e-02 1.000000000000000082e-05
2.297530372251747721e+00 1.647377644342913616e-02 1.000000000000000082e-05
2.289600755709833457e+00 1.647027058794055254e-02 1.000000000000000082e-05
2.281698507171085577e+00 1.646930584792563254e-02 1.000000000000000082e-05
2.273823532178528062e+00 1.646469752331825021e-02 1.000000000000000082e-05
2.265975736601190338e+00 1.646382746526433780e-02 1.000000000000000082e-05
2.258155026632982398e+00 1.646110445934075711e-02 1.000000000000000082e-05
2.250361308791574366e+00 1.645941246779976386e-02 1.000000000000000082e-05
2.242594489917276501e+00 1.645360815628403237e-02 1.000000000000000082e-05
2.234854477171928533e+00 1.644595647175278383e-02 1.000000000000000082e-05
2.227141178037786773e+00 1.644634620348138163e-02 1.000000000000000082e-05
2.219454500316421885e+00 1.644686006989432361e-02 1.000000000000000082e-05
2.211794352127613994e+00 1.645461264410003413e-02 1.000000000000000082e-05
2.204160641908255780e+00 1.645041850755783047e-02 1.000000000000000082e-05
2.196553278411258692e+00 1.642972933888568743e-02 1.000000000000000082e-05
2.188972170704458264e+00 1.641352679493423769e-02 1.000000000000000082e-05
2.181417228169532763e+00 1.640019552271409359e-02 1.000000000000000082e-05
2.173888360500916495e+00 1.638951819124656595e-02 1.000000000000000082e-05
2.166385477704721563e+00 1.637760149662662729e-02 1.000000000000000082e-05
2.158908490097661392e+00 1.636769101435220364e-02 1.000000000000000082e-05
2.151457308305980476e+00 1.635870574845472991e-02 1.000000000000000082e-05
2.144031843264382342e+00 1.634699668343841950e-02 1.000000000000000082e-05
2.136632006214969515e+00 1.632894043053604791e-02 1.000000000000000082e-05
2.129257708706179475e+00 1.633196751987279344e-02 1.000000000000000082e-05
2.121908862591728617e+00 1.631496856902003856e-02 1.000000000000000082e-05
2.114585380029558870e+00 1.630161582214930890e-02 1.000000000000000082e-05
2.107287173480786091e+00 1.630836266779913182e-02 1.000000000000000082e-05
2.100014155708655128e+00 1.629209776029829151e-02 1.000000000000000082e-05
2.092766239777497983e+00 1.628704907628057003e-02 1.000000000000000082e-05
2.085543339051691536e+00 1.628834242372330030e-02 1.000000000000000082e-05
2.078345367194625481e+00 1.627006748762045707e-02 1.000000000000000082e-05
2.071172238167667601e+00 1.627740685819717772e-02 1.000000000000000082e-05
2.064023866229136139e+00 1.629434478906087100e-02 1.000000000000000082e-05
2.056900165933276181e+00 1.628455725284757433e-02 1.000000000000000082e-05
2.049801052129237799e+00 1.628314270385981810e-02 1.000000000000000082e-05
2.042726439960056428e+00 1.629705143917174748e-02 1.000000000000000082e-05
2.035676244861639450e+00 1.630826564242032067e-02 1.000000000000000082e-05
2.028650382561757670e+00 1.629808503583463769e-02 1.000000000000000082e-05
2.021648769079035013e+00 1.627989327227597621e-02 1.000000000000000082e-05
2.014671320721946213e+00 1.630886146433305553e-02 1.000000000000000082e-05
2.007717954087816281e+00 1.632071025239794845e-02 1.000000000000000082e-05
2.000788586061821750e+00 1.631680200146617618e-02 1.000000000000000082e-05
1.993883133816000131e+00 1.630297960103304841e-02 1.000000000000000082e-05
1.987001514808258484e+00 1.627290842933440049e-02 1.000000000000000082e-05
1.980143646781386879e+00 1.630884531306041677e-02 1.000000000000000082e-05
1.973309447762074287e+00 1.628745892916819843e-02 1.000000000000000082e-05
1.966498836059930255e+00 1.629550934290609210e-02 1.000000000000000082e-05
1.959711730266506580e+00 1.626971928105000811e-02 1.000000000000000082e-05
1.952948049254327190e+00 1.629039419520950105e-02 1.000000000000000082e-05
1.946207712175915150e+00 1.630347212935900209e-02 1.000000000000000082e-05
1.939490638462828764e+00 1.630229558967007802e-02 1.000000000000000082e-05
1.932796747824695682e+00 1.629304568266701572e-02 1.000000000000000082e-05
1.926125960248256330e+00 1.627785253310994745e-02 1.000000000000000082e-05
1.919478195996406011e+00 1.629413293613114072e-02 1.000000000000000082e-05
1.912853375607242112e+00 1.628472486374859737e-02 1.000000000000000082e-05
1.906251419893113974e+00 1.626827448707611132e-02 1.000000000000000082e-05
1.899672249939674984e+00 1.629349959508903656e-02 1.000000000000000082e-05
1.893115787104942660e+00 1.630460761755177235e-02 1.000000000000000082e-05
1.886581953018356517e+00 1.632093860493399537e-02 1.000000000000000082e-05
1.880070669579839704e+00 1.632814102290051916e-02 1.000000000000000082e-05
1.873581858958870194e+00 1.632913093343163827e-02 1.000000000000000082e-05
1.867115443593545088e+00 1.632725600152932360e-02 1.000000000000000082e-05
1.860671346189656239e+00 1.636237391697975899e-02 1.000000000000000082e-05
1.854249489719767219e+00 1.634160203993618304e-02 1.000000000000000082e-05
1.847849797422290719e+00 1.633980716120438798e-02 1.000000000000000082e-05
1.841472192800571728e+00 1.634726243494977888e-02 1.000000000000000082e-05
1.835116599621973377e+00 1.634979037800996307e-02 1.000000000000000082e-05
1.828782941916964777e+00 1.630596581378431290e-02 1.000000000000000082e-05
1.822471143978214414e+00 1.633788135294021379e-02 1.000000000000000082e-05
1.816181130359683538e+00 1.632322485801733503e-02 1.000000000000000082e-05
1.809912825875726661e+00 1.634432443069919541e-02 1.000000000000000082e-05
1.803666155600190946e+00 1.634921812432730062e-02 1.000000000000000082e-05
1.797441044865519366e+00 1.635795626448008702e-02 1.000000000000000082e-05
1.791237419261862085e+00 1.634269223641507743e-02 1.000000000000000082e-05
1.785055204636183612e+00 1.633725550789768763e-02 1.000000000000000082e-05
1.778894327091378846e+00 1.634417295412814858e-02 1.000000000000000082e-05
1.772754712985387560e+00 1.634257393971420835e-02 1.000000000000000082e-05
1.766636288930314658e+00 1.633367861433809159e-02 1.000000000000000082e-05
1.760538981791555102e+00 1.632919992928586611e-02 1.000000000000000082e-05
1.754462718686916833e+00 1.632579275546128597e-02 1.000000000000000082e-05
1.748407426985751467e+00 1.632487595496094623e-02 1.000000000000000082e-05
1.742373034308085433e+00 1.633328239618401026e-02 1.000000000000000082e-05
1.736359468523754224e+00 1.633086284715545844e-02 1.000000000000000082e-05
1.730366657751541970e+00 1.633677143613436467e-02 1.000000000000000082e-05
1.724394530358320354e+00 1.632689369842829988e-02 1.000000000000000082e-05
1.718443014958193293e+00 1.632055203348141414e-02 1.000000000000000082e-05
1.712512040411644287e+00 1.633099294665804960e-02 1.000000000000000082e-05
1.706601535824683546e+00 1.632846264148798618e-02 1.000000000000000082e-05
1.700711430548004000e+00 1.634631549818594057e-02 1.000000000000000082e-05
1.694841654176134194e+00 1.634356493092617088e-02 1.000000000000000082e-05
1.688992136546598521e+00 1.634060017650977581e-02 1.000000000000000082e-05
1.683162807739077449e+00 1.633799232094518619e-02 1.000000000000000082e-05
1.677353598074570851e+00 1.634861151052947187e-02 1.000000000000000082e-05
1.671564438114567119e+00 1.636286789462378100e-02 1.000000000000000082e-05
1.665795258660213385e+00 1.633754583356087850e-02 1.000000000000000082e-05
1.660045990751485512e+00 1.631816953063819700e-02 1.000000000000000082e-05
1.654316565666367200e+00 1.631134683063132501e-02 1.000000000000000082e-05
1.648606914920025091e+00 1.631506659784611943e-02 1.000000000000000082e-05
1.642916970263993637e+00 1.632296968992145297e-02 1.000000000000000082e-05
1.637246663685356651e+00 1.633061838155378323e-02 1.000000000000000082e-05
1.631595927405935953e+00 1.632675030368510929e-02 1.000000000000000082e-05
1.625964693881481571e+00 1.633505119079526474e-02 1.000000000000000082e-05
1.620352895800860393e+00 1.633280416651289660e-02 1.000000000000000082e-05
1.614760466085257251e+00 1.631505184479264264e-02 1.000000000000000082e-05
1.609187337887370006e+00 1.629482395700585298e-02 1.000000000000000082e-05
1.603633444590610413e+00 1.628187560311945142e-02 1.000000000000000082e-05
1.598098719808308532e+00 1.624569493895277467e-02 1.000000000000000082e-05
1.592583097382920032e+00 1.622219195217466242e-02 1.000000000000000082e-05
1.587086511385232601e+00 1.621168009536142277e-02 1.000000000000000082e-05
1.581608896113581242e+00 1.620209054442288757e-02 1.000000000000000082e-05
1.576150186093060457e+00 1.618224694001924036e-02 1.000000000000000082e-05
1.570710316074743762e+00 1.618062151883656666e-02 1.000000000000000082e-05
1.565289221034901423e+00 1.619741092573926539e-02 1.000000000000000082e-05
1.559886836174224412e+00 1.619857343058802440e-02 1.000000000000000082e-05
1.554503096917050353e+00 1.619206898744078582e-02 1.000000000000000082e-05
1.549137938910590817e+00 1.620985741150075821e-02 1.000000000000000082e-05
1.543791298024162373e+00 1.620635268869930271e-02 1.000000000000000082e-05
1.538463110348420537e+00 1.621098103829537659e-02 1.000000000000000082e-05
1.533153312194593498e+00 1.622401881475682775e-02 1.000000000000000082e-05
1.527861840093724721e+00 1.620858816361174515e-02 1.000000000000000082e-05
1.522588630795911113e+00 1.622792904231573630e-02 1.000000000000000082e-05
1.517333621269548738e+00 1.622555190452273574e-02 1.000000000000000082e-05
1.512096748700578752e+00 1.624615073901316750e-02 1.000000000000000082e-05
1.506877950491735341e+00 1.622891876851616580e-02 1.000000000000000082e-05
1.501677164261799868e+00 1.629529296006746938e-02 1.000000000000000082e-05
1.496494327844854144e+00 1.628059435714572512e-02 1.000000000000000082e-05
1.491329379289536794e+00 1.626255624646196635e-02 1.000000000000000082e-05
1.486182256858303852e+00 1.628060202919484264e-02 1.000000000000000082e-05
1.481052899026688685e+00 1.628243154077870999e-02 1.000000000000000082e-05
1.475941244482569692e+00 1.630158073686734793e-02 1.000000000000000082e-05
1.470847232125435111e+00 1.630279181389658952e-02 1.000000000000000082e-05
1.465770801065653384e+00 1.629448272071315831e-02 1.000000000000000082e-05
1.460711890623745735e+00 1.629722237612878100e-02 1.000000000000000082e-05
1.455670440329659421e+00 1.633378685790795939e-02 1.000000000000000082e-05
1.450646389922046753e+00 1.633451901216394914e-02 1.000000000000000082e-05
1.445639679347544115e+00 1.634351082152053075e-02 1.000000000000000082e-05
1.440650248760053431e+00 1.631552627073390785e-02 1.000000000000000082e-05
1.435678038520027844e+00 1.634492737902239548e-02 1.000000000000000082e-05
1.430722989193757622e+00 1.635191875132869718e-02 1.000000000000000082e-05
1.425785041552661170e+00 1.634696953969584990e-02 1.000000000000000082e-05
1.420864136572576264e+00 1.636249486501110961e-02 1.000000000000000082e-05
1.415960215433054614e+00 1.634580362827346700e-02 1.000000000000000082e-05
1.411073219516658872e+00 1.634606748223833145e-02 1.000000000000000082e-05
1.406203090408260969e+00 1.635828382900355801e-02 1.000000000000000082e-05
1.401349769894345787e+00 1.635993184314088467e-02 1.000000000000000082e-05
1.396513199962314378e+00 1.635340853760021071e-02 1.000000000000000082e-05
1.391693322799789856e+00 1.634599584416316850e-02 1.000000000000000082e-05
1.386890080793927060e+00 1.634492819822132639e-02 1.000000000000000082e-05
1.382103416530724660e+00 1.634838472628967476e-02 1.000000000000000082e-05
1.377333272794336594e+00 1.635065371302219309e-02 1.000000000000000082e-05
1.372579592566390394e+00 1.636311869559283275e-02 1.000000000000000082e-05
1.367842319025305065e+00 1.636192230850278678e-02 1.000000000000000082e-05
1.363121395545610959e+00 1.635435708392022139e-02 1.000000000000000082e-05
1.358416765697274764e+00 1.634698662516816808e-02 1.000000000000000082e-05
1.353728373245021821e+00 1.632658326326900944e-02 1.000000000000000082e-05
1.349056162147667770e+00 1.632256565747306626e-02 1.000000000000000082e-05
1.344400076557446422e+00 1.632311666468502440e-02 1.000000000000000082e-05
1.339760060819342069e+00 1.628946095834967606e-02 1.000000000000000082e-05
1.335136059470425796e+00 1.629643699206440033e-02 1.000000000000000082e-05
1.330528017239190008e+00 1.623780203588502669e-02 1.000000000000000082e-05
1.325935879044890520e+00 1.619140410999237237e-02 1.000000000000000082e-05
1.321359589996886630e+00 1.616861168244991542e-02 1.000000000000000082e-05
1.316799095393985208e+00 1.615387358403425414e-02 1.000000000000000082e-05
1.312254340723786994e+00 1.613955283498678603e-02 1.000000000000000082e-05
1.307725271662034672e+00 1.612428996786591587e-02 1.000000000000000082e-05
1.303211834071963615e+00 1.611828624760829054e-02 1.000000000000000082e-05
1.298713974003655958e+00 1.609846965626633708e-02 1.000000000000000082e-05
1.294231637693393555e+00 1.608120491290024323e-02 1.000000000000000082e-05
1.289764771563017609e+00 1.606276113272778888e-02 1.000000000000000082e-05
1.285313322219285626e+00 1.605229936657792678e-02 1.000000000000000082e-05
1.280877236453235923e+00 1.604474709143871233e-02 1.000000000000000082e-05
1.276456461239549922e+00 1.601921902417521165e-02 1.000000000000000082e-05
1.272050943735919315e+00 1.603347196000780989e-02 1.000000000000000082e-05
1.267660631282413242e+00 1.601921104642437671e-02 1.000000000000000082e-05
1.263285471400849236e+00 1.600731425859673249e-02 1.000000000000000082e-05
1.258925411794167060e+00 1.598677985687730133e-02 1.000000000000000082e-05
1.254580400345802538e+00 1.599581388260582285e-02 1.000000000000000082e-05
1.250250385119064500e+00 1.599907937051625595e-02 1.000000000000000082e-05
1.245935314356514167e+00 1.600576125860497106e-02 1.000000000000000082e-05
1.241635136479347201e+00 1.602295096315760337e-02 1.000000000000000082e-05
1.237349800086775753e+00 1.604467665793024925e-02 1.000000000000000082e-05
1.233079253955415622e+00 1.604071171502977414e-02 1.000000000000000082e-05
1.228823447038672745e+00 1.605199344194829791e-02 1.000000000000000082e-05
1.224582328466133463e+00 1.606993304557791796e-02 1.000000000000000082e-05
1.220355847542956784e+00 1.607734080916254846e-02 1.000000000000000082e-05
1.216143953749267981e+00 1.609554603128388398e-02 1.000000000000000082e-05
1.211946596739555293e+00 1.611022096716178270e-02 1.000000000000000082e-05
1.207763726342066857e+00 1.612055914792930728e-02 1.000000000000000082e-05
1.203595292558212515e+00 1.615227790385269369e-02 1.000000000000000082e-05
1.199441245561964964e+00 1.614800119623702526e-02 1.000000000000000082e-05
1.195301535699265560e+00 1.616891818601446165e-02 1.000000000000000082e-05
1.191176113487429022e+00 1.617623349960257972e-02 1.000000000000000082e-05
1.187064929614553677e+00 1.618783370526863732e-02 1.000000000000000082e-05
1.182967934938930599e+00 1.620259941699723344e-02 1.000000000000000082e-05
1.178885080488457193e+00 1.622997439493955446e-02 1.000000000000000082e-05
1.174816317460051440e+00 1.627203749418325990e-02 1.000000000000000082e-05
1.170761597219068806e+00 1.622682090096398341e-02 1.000000000000000082e-05
1.166720871298720041e+00 1.621791275058862697e-02 1.000000000000000082e-05
1.162694091399492979e+00 1.624101326805552775e-02 1.000000000000000082e-05
1.158681209388574773e+00 1.624828711063978220e-02 1.000000000000000082e-05
1.154682177299276358e+00 1.624136911988653675e-02 1.000000000000000082e-05
1.150696947330458908e+00 1.623040407716521555e-02 1.000000000000000082e-05
1.146725471845963629e+00 1.620628767338853915e-02 1.000000000000000082e-05
1.142767703374040211e+00 1.621445404397910128e-02 1.000000000000000082e-05
1.138823594606781953e+00 1.618526541601174665e-02 1.000000000000000082e-05
1.134893098399558653e+00 1.623304498794744463e-02 1.000000000000000082e-05
1.130976167770452845e+00 1.619985036629364300e-02 1.000000000000000082e-05
1.127072755899699796e+00 1.616623366341776377e-02 1.000000000000000082e-05
1.123182816129126183e+00 1.617824535533757616e-02 1.000000000000000082e-05
1.119306301961593197e+00 1.618630793159835796e-02 1.000000000000000082e-05
1.115443167060440777e+00 1.616693200476309461e-02 1.000000000000000082e-05
1.111593365248933596e+00 1.617033834311489351e-02 1.000000000000000082e-05
1.107756850509709068e+00 1.613565744684618969e-02 1.000000000000000082e-05
1.103933576984227338e+00 1.609994426005064566e-02 1.000000000000000082e-05
1.100123498972222835e+00 1.610607584786276358e-02 1.000000000000000082e-05
1.096326570931159150e+00 1.607851951212943900e-02 1.000000000000000082e-05
1.092542747475682585e+00 1.606150466362412169e-02 1.000000000000000082e-05
1.088771983377081920e+00 1.601032166138784477e-02 1.000000000000000082e-05
1.085014233562746178e+00 1.597298564081921224e-02 1.000000000000000082e-05
1.081269453115626833e+00 1.595522457124004187e-02 1.000000000000000082e-05
1.077537597273700021e+00 1.594389958626152293e-02 1.000000000000000082e-05
1.073818621429432074e+00 1.593827342352063456e-02 1.000000000000000082e-05
1.070112481129246618e+00 1.592557276296702184e-02 1.000000000000000082e-05
1.066419132072992548e+00 1.592370689354975777e-02 1.000000000000000082e-05
1.062738530113414459e+00 1.591967803454851990e-02 1.000000000000000082e-05
1.059070631255625727e+00 1.592959634817685266e-02 1.000000000000000082e-05
1.055415391656582269e+00 1.591802373954683686e-02 1.000000000000000082e-05
1.051772767624557403e+00 1.592334109564428821e-02 1.000000000000000082e-05
1.048142715618621823e+00 1.593419796802427596e-02 1.000000000000000082e-05
1.044525192248120904e+00 1.593531588978600380e-02 1.000000000000000082e-05
1.040920154272157561e+00 1.594384997867319409e-02 1.000000000000000082e-05
1.037327558599074662e+00 1.595056024675482742e-02 1.000000000000000082e-05
1.033747362285940108e+00 1.596516438618053590e-02 1.000000000000000082e-05
1.030179522538033465e+00 1.597350841628807777e-02 1.000000000000000082e-05
1.026623996708334374e+00 1.599313449265502354e-02 1.000000000000000082e-05
1.023080742297013623e+00 1.600222079418445881e-02 1.000000000000000082e-05
1.019549716950923779e+00 1.601263915537742832e-02 1.000000000000000082e-05
1.016030878463093812e+00 1.601114569025805998e-02 1.000000000000000082e-05
1.012524184772224167e+00 1.601706815599230130e-02 1.000000000000000082e-05
1.009029593962184501e+00 1.603641530546245225e-02 1.000000000000000082e-05
1.005547064261512080e+00 1.605138039981022016e-02 1.000000000000000082e-05
1.002076554042913292e+00 1.604440881735933258e-02 1.000000000000000082e-05
9.986180218227644900e-01 1.605406745419748690e-02 1.000000000000000082e-05
9.951714262606181638e-01 1.606662619713443430e-02 1.000000000000000082e-05
9.917367261587071159e-01 1.607038465752234219e-02 1.000000000000000082e-05
9.883138804614532980e-01 1.605535986983306143e-02 1.000000000000000082e-05
9.849028482549762042e-01 1.608678841986441871e-02 1.000000000000000082e-05
9.815035887666034853e-01 1.608175722213025724e-02 1.000000000000000082e-05
9.781160613643850033e-01 1.607403953222239293e-02 1.000000000000000082e-05
9.747402255566062212e-01 1.606291067001454700e-02 1.000000000000000082e-05
9.713760409913038130e-01 1.608497420092519850e-02 1.000000000000000082e-05
9.680234674557843810e-01 1.607448675158724971e-02 1.000000000000000082e-05
9.646824648761423981e-01 1.608653917135973929e-02 1.000000000000000082e-05
9.613529933167831443e-01 1.607444990039829172e-02 1.000000000000000082e-05
9.580350129799434233e-01 1.608616667039961326e-02 1.000000000000000082e-05
9.547284842052168319e-01 1.605968682783371140e-02 1.000000000000000082e-05
9.514333674690795828e-01 1.606986752404482993e-02 1.000000000000000082e-05
9.481496233844181054e-01 1.605341187640017472e-02 1.000000000000000082e-05
9.448772127000578669e-01 1.605102055862936763e-02 1.000000000000000082e-05
9.416160963002947470e-01 1.608753164602752181e-02 1.000000000000000082e-05
9.383662352044269683e-01 1.607805610583367545e-02 1.000000000000000082e-05
9.351275905662896903e-01 1.609467881394935351e-02 1.000000000000000082e-05
9.319001236737901595e-01 1.608668164378347989e-02 1.000000000000000082e-05
9.286837959484450788e-01 1.610469088322256243e-02 1.000000000000000082e-05
9.254785689449199770e-01 1.598843899569365318e-02 1.000000000000000082e-05
9.222844043505689093e-01 1.593312073283379218e-02 1.000000000000000082e-05
9.191012639849770460e-01 1.598584798982799829e-02 1.000000000000000082e-05
9.159291097995042596e-01 1.599112497073371456e-02 1.000000000000000082e-05
9.127679038768297115e-01 1.596755411832659344e-02 1.000000000000000082e-05
9.096176084304995468e-01 1.595413421061336531e-02 1.000000000000000082e-05
9.064781858044744789e-01 1.598044074984709961e-02 1.000000000000000082e-05
9.033495984726801487e-01 1.599156359065345007e-02 1.000000000000000082e-05
9.002318090385583726e-01 1.604708650365602521e-02 1.000000000000000082e-05
8.971247802346199451e-01 1.599314301298940949e-02 1.000000000000000082e-05
8.940284749219998828e-01 1.600609920397197752e-02 1.000000000000000082e-05
8.909428560900120031e-01 1.603684930421422905e-02 1.000000000000000082e-05
8.878678868557084991e-01 1.599723722276936294e-02 1.000000000000000082e-05
8.848035304634381815e-01 1.594271436336979625e-02 1.000000000000000082e-05
8.817497502844059420e-01 1.591118735056249248e-02 1.000000000000000082e-05
8.787065098162369914e-01 1.589144847430755056e-02 1.000000000000000082e-05
8.756737726825390977e-01 1.588364355481093615e-02 1.000000000000000082e-05
8.726515026324686009e-01 1.588330060934595167e-02 1.000000000000000082e-05
8.696396635402963149e-01 1.588212357566420527e-02 1.000000000000000082e-05
8.666382194049767618e-01 1.587863481344260752e-02 1.000000000000000082e-05
8.636471343497165165e-01 1.586873866819342449e-02 1.000000000000000082e-05
8.606663726215465493e-01 1.586139773458774757e-02 1.000000000000000082e-05
8.576958985908940125e-01 1.585707087034375629e-02 1.000000000000000082e-05
8.547356767511573583e-01 1.587212998255766241e-02 1.000000000000000082e-05
8.517856717182803461e-01 1.586884303107948674e-02 1.000000000000000082e-05
8.488458482303309349e-01 1.588232771090667197e-02 1.000000000000000082e-05
8.459161711470787326e-01 1.589292547792000784e-02 1.000000000000000082e-05
8.429966054495742211e-01 1.588733359076199142e-02 1.000000000000000082e-05
8.400871162397323122e-01 1.587573671433189712e-02 1.000000000000000082e-05
8.371876687399134598e-01 1.589893362556328918e-02 1.000000000000000082e-05
8.342982282925079929e-01 1.587061342334768893e-02 1.000000000000000082e-05
8.314187603595231124e-01 1.578383964134279574e-02 1.000000000000000082e-05
8.285492305221686671e-01 1.578537462359883362e-02 1.000000000000000082e-05
8.256896044804463708e-01 1.575806839551375030e-02 1.000000000000000082e-05
8.228398480527401304e-01 1.579250969807879587e-02 1.000000000000000082e-05
8.199999271754067065e-01 1.576638245910107206e-02 1.000000000000000082e-05
8.171698079023693717e-01 1.579068357321926352e-02 1.000000000000000082e-05
8.143494564047111250e-01 1.578192232510498491e-02 1.000000000000000082e-05
8.115388389702714589e-01 1.582609767983346807e-02 1.000000000000000082e-05
8.087379220032424598e-01 1.574535157800482921e-02 1.000000000000000082e-05
8.059466720237676851e-01 1.570110956204055427e-02 1.000000000000000082e-05
8.031650556675422603e-01 1.565912178979217070e-02 1.000000000000000082e-05
8.003930396854131990e-01 1.566155770106547607e-02 1.000000000000000082e-05
7.976305909429827201e-01 1.565339651704369603e-02 1.000000000000000082e-05
7.948776764202123424e-01 1.561004961012074990e-02 1.000000000000000082e-05
7.921342632110268678e-01 1.563145948847040334e-02 1.000000000000000082e-05
7.894003185229230279e-01 1.562574625197044043e-02 1.000000000000000082e-05
7.866758096765755770e-01 1.562243440021655536e-02 1.000000000000000082e-05
7.839607041054481584e-01 1.562643286651057076e-02 1.000000000000000082e-05
7.812549693554032837e-01 1.559888071004313440e-02 1.000000000000000082e-05
7.785585730843143093e-01 1.561458062235487887e-02 1.000000000000000082e-05
7.758714830616794123e-01 1.559275082696951961e-02 1.000000000000000082e-05
7.731936671682356765e-01 1.560231923074166700e-02 1.000000000000000082e-05
7.705250933955758441e-01 1.559173908797963429e-02 1.000000000000000082e-05
7.678657298457650660e-01 1.560991486761332744e-02 1.000000000000000082e-05
7.652155447309600955e-01 1.563991070511205200e-02 1.000000000000000082e-05
7.625745063730290374e-01 1.565284862659137299e-02 1.000000000000000082e-05
7.599425832031728723e-01 1.565356588712609950e-02 1.000000000000000082e-05
7.573197437615479810e-01 1.568223973618369793e-02 1.000000000000000082e-05
7.547059566968904454e-01 1.569463199594714128e-02 1.000000000000000082e-05
7.521011907661403484e-01 1.572439396767540826e-02 1.000000000000000082e-05
7.495054148340697386e-01 1.572667485258158818e-02 1.000000000000000082e-05
7.469185978729090403e-01 1.571183688572635323e-02 1.000000000000000082e-05
7.443407089619774597e-01 1.571070417682781523e-02 1.000000000000000082e-05
7.417717172873123932e-01 1.571759077404740607e-02 1.000000000000000082e-05
7.392115921413013879e-01 1.570850230806268566e-02 1.000000000000000082e-05
7.366603029223155463e-01 1.574474869660382262e-02 1.000000000000000082e-05
7.341178191343432635e-01 1.573058425793760762e-02 1.000000000000000082e-05
7.315841103866254080e-01 1.574839820592352849e-02 1.000000000000000082e-05
7.290591463932929450e-01 1.573038114596623377e-02 1.000000000000000082e-05
7.265428969730043374e-01 1.575889185568039169e-02 1.000000000000000082e-05
7.240353320485846123e-01 1.576224947735428011e-02 1.000000000000000082e-05
7.215364216466665370e-01 1.579603943597126386e-02 1.000000000000000082e-05
7.190461358973314621e-01 1.574729435494777452e-02 1.000000000000000082e-05
7.165644450337531612e-01 1.582554923222162860e-02 1.000000000000000082e-05
7.140913193918412283e-01 1.566128574130560072e-02 1.000000000000000082e-05
7.116267294098871377e-01 1.565830067265689546e-02 1.000000000000000082e-05
7.091706456282106386e-01 1.564698437670568321e-02 1.000000000000000082e-05
7.067230386888071481e-01 1.562408760369530386e-02 1.000000000000000082e-05
7.042838793349980309e-01 1.564828142980008441e-02 1.000000000000000082e-05
7.018531384110794358e-01 1.560243205245972001e-02 1.000000000000000082e-05
6.994307868619747959e-01 1.559062624283149949e-02 1.000000000000000082e-05
6.970167957328873287e-01 1.560573410096839468e-02 1.000000000000000082e-05
6.946111361689536468e-01 1.563796016705064004e-02 1.000000000000000082e-05
6.922137794148991441e-01 1.566809064226504233e-02 1.000000000000000082e-05
6.898246968146941605e-01 1.553449309914229151e-02 1.000000000000000082e-05
6.874438598112112553e-01 1.552935563703254813e-02 1.000000000000000082e-05
6.850712399458843693e-01 1.552785619878267569e-02 1.000000000000000082e-05
6.827068088583683192e-01 1.552627353342035492e-02 1.000000000000000082e-05
6.803505382861995132e-01 1.553632319338213615e-02 1.000000000000000082e-05
6.780024000644588877e-01 1.553852278208558806e-02 1.000000000000000082e-05
6.756623661254343993e-01 1.553643901030566342e-02 1.000000000000000082e-05
6.733304084982861815e-01 1.554615733029698736e-02 1.000000000000000082e-05
6.710064993087119234e-01 1.554387689359679366e-02 1.000000000000000082e-05
6.686906107786136921e-01 1.555745316330960429e-02 1.000000000000000082e-05
6.663827152257657538e-01 1.554682070735680099e-02 1.000000000000000082e-05
6.640827850634841711e-01 1.556360386806633113e-02 1.000000000000000082e-05
6.617907928002964013e-01 1.558030310394761114e-02 1.000000000000000082e-05
6.595067110396133359e-01 1.558874719401224899e-02 1.000000000000000082e-05
6.572305124794011189e-01 1.558312539939904137e-02 1.000000000000000082e-05
6.549621699118556295e-01 1.559149434547836034e-02 1.000000000000000082e-05
6.527016562230764096e-01 1.559485710874224280e-02 1.000000000000000082e-05
6.504489443927432557e-01 1.558136593104983599e-02 1.000000000000000082e-05
6.482040074937928109e-01 1.562622371165590246e-02 1.000000000000000082e-05
6.459668186920969335e-01 1.562782888820799312e-02 1.000000000000000082e-05
6.437373512461417313e-01 1.555631761216853468e-02 1.000000000000000082e-05
6.415155785067082617e-01 1.553964312360387942e-02 1.000000000000000082e-05
6.393014739165535643e-01 1.554626426561666296e-02 1.000000000000000082e-05
6.370950110100935815e-01 1.554208240955508996e-02 1.000000000000000082e-05
6.348961634130865228e-01 1.553714461352429833e-02 1.000000000000000082e-05
6.327049048423176725e-01 1.554032403261264642e-02 1.000000000000000082e-05
6.305212091052856405e-01 1.553415294264718499e-02 1.000000000000000082e-05
6.283450500998885024e-01 1.553677259540100011e-02 1.000000000000000082e-05
6.261764018141126042e-01 1.554946227387159381e-02 1.000000000000000082e-05
6.240152383257208113e-01 1.553875078797134837e-02 1.000000000000000082e-05
6.218615338019436445e-01 1.554293484515439569e-02 1.000000000000000082e-05
6.197152624991695280e-01 1.553838417984383484e-02 1.000000000000000082e-05
6.175763987626374796e-01 1.554530802243684479e-02 1.000000000000000082e-05
6.154449170261309110e-01 1.554446755640653474e-02 1.000000000000000082e-05
6.133207918116708735e-01 1.554787891744633874e-02 1.000000000000000082e-05
6.112039977292130777e-01 1.555772045143536710e-02 1.000000000000000082e-05
6.090945094763428047e-01 1.556619758600583277e-02 1.000000000000000082e-05
6.069923018379737023e-01 1.558216825980287927e-02 1.000000000000000082e-05
6.048973496860456933e-01 1.557543417411885907e-02 1.000000000000000082e-05
6.028096279792246603e-01 1.557957790857008445e-02 1.000000000000000082e-05
6.007291117626035737e-01 1.561272410136474269e-02 1.000000000000000082e-05
5.986557761674037303e-01 1.561851186578932203e-02 1.000000000000000082e-05
5.965895964106779914e-01 1.561148944161535289e-02 1.000000000000000082e-05
5.945305477950134643e-01 1.562035663127622070e-02 1.000000000000000082e-05
5.924786057082378488e-01 1.561037083561481881e-02 1.000000000000000082e-05
5.904337456231240067e-01 1.564564660071491448e-02 1.000000000000000082e-05
5.883959430970974180e-01 1.562554443087002878e-02 1.000000000000000082e-05
5.863651737719436374e-01 1.557932788242930196e-02 1.000000000000000082e-05
5.843414133735175264e-01 1.555101763550991410e-02 1.000000000000000082e-05
5.823246377114527084e-01 1.555815981585590910e-02 1.000000000000000082e-05
5.803148226788725772e-01 1.556433079082790612e-02 1.000000000000000082e-05
5.783119442521024167e-01 1.554835302466655786e-02 1.000000000000000082e-05
5.763159784903816307e-01 1.555065867429579300e-02 1.000000000000000082e-05
5.743269015355783047e-01 1.554656314648311319e-02 1.000000000000000082e-05
5.723446896119033234e-01 1.555577216377584601e-02 1.000000000000000082e-05
5.703693190256267087e-01 1.554435098880337443e-02 1.000000000000000082e-05
5.684007661647941800e-01 1.556609918334154845e-02 1.000000000000000082e-05
5.664390074989447132e-01 1.554096282198822940e-02 1.000000000000000082e-05
5.644840195788299875e-01 1.553779390555667765e-02 1.000000000000000082e-05
5.625357790361328325e-01 1.553910839562123482e-02 1.000000000000000082e-05
5.605942625831897841e-01 1.554372931480849269e-02 1.000000000000000082e-05
5.586594470127105305e-01 1.554591440074441083e-02 1.000000000000000082e-05
5.567313091975020223e-01 1.554768720832446285e-02 1.000000000000000082e-05
5.548098260901916934e-01 1.555090493182722036e-02 1.000000000000000082e-05
5.528949747229519041e-01 1.555138493296337986e-02 1.000000000000000082e-05
5.509867322072251605e-01 1.555613142208646729e-02 1.000000000000000082e-05
5.490850757334508891e-01 1.555616298882201744e-02 1.000000000000000082e-05
5.471899825707925435e-01 1.556568786767579399e-02 1.000000000000000082e-05
5.453014300668660441e-01 1.556224100388284119e-02 1.000000000000000082e-05
5.434193956474691056e-01 1.556368356081459445e-02 1.000000000000000082e-05
5.415438568163110089e-01 1.557210918009515818e-02 1.000000000000000082e-05
5.396747911547442600e-01 1.556158941520928256e-02 1.000000000000000082e-05
5.378121763214959161e-01 1.556039708977262001e-02 1.000000000000000082e-05
5.359559900524011322e-01 1.555719621889186180e-02 1.000000000000000082e-05
5.341062101601370404e-01 1.555680852506541659e-02 1.000000000000000082e-05
5.322628145339568517e-01 1.555989838668490541e-02 1.000000000000000082e-05
5.304257811394265110e-01 1.556257905362748266e-02 1.000000000000000082e-05
5.285950880181605749e-01 1.556413444844924159e-02 1.000000000000000082e-05
5.267707132875599774e-01 1.556312454716349096e-02 1.000000000000000082e-05
5.249526351405507940e-01 1.556410034567953966e-02 1.000000000000000082e-05
5.231408318453227846e-01 1.556680751864711505e-02 1.000000000000000082e-05
5.213352817450707111e-01 1.556738786505408069e-02 1.000000000000000082e-05
5.195359632577344344e-01 1.557144744686393863e-02 1.000000000000000082e-05
5.177428548757415649e-01 1.557717688342782208e-02 1.000000000000000082e-05
5.159559351657502235e-01 1.557858590085786990e-02 1.000000000000000082e-05
5.141751827683925802e-01 1.558253168965237356e-02 1.000000000000000082e-05
5.124005763980202799e-01 1.558608842985948276e-02 1.000000000000000082e-05
5.106320948424488693e-01 1.559040291313460933e-02 1.000000000000000082e-05
5.088697169627055539e-01 1.558486254671720417e-02 1.000000000000000082e-05
5.071134216927754013e-01 1.559130565373414816e-02 1.000000000000000082e-05
5.053631880393500975e-01 1.559617666127949623e-02 1.000000000000000082e-05
5.036189950815770366e-01 1.561043487769080314e-02 1.000000000000000082e-05
5.018808219708089657e-01 1.559271098001407257e-02 1.000000000000000082e-05
5.001486479303548505e-01 1.558428879212014027e-02 1.000000000000000082e-05
4.984224522552318515e-01 1.558790802582603503e-02 1.000000000000000082e-05
4.967022143119175781e-01 1.558531297355067631e-02 1.000000000000000082e-05
4.949879135381033413e-01 1.558699210613011775e-02 1.000000000000000082e-05
4.932795294424482391e-01 1.558860879229611793e-02 1.000000000000000082e-05
4.915770416043349633e-01 1.558988394855786129e-02 1.000000000000000082e-05
4.898804296736248842e-01 1.559094138497786088e-02 1.000000000000000082e-05
4.881896733704154112e-01 1.559248518727894030e-02 1.000000000000000082e-05
4.865047524847969651e-01 1.559423361343612209e-02 1.000000000000000082e-05
4.848256468766120042e-01 1.559643672454696581e-02 1.000000000000000082e-05
4.831523364752138838e-01 1.559650513662474633e-02 1.000000000000000082e-05
4.814848012792270482e-01 1.559857284524923671e-02 1.000000000000000082e-05
4.798230213563082769e-01 1.560007086540010288e-02 1.000000000000000082e-05
4.781669768429078760e-01 1.560199788557033868e-02 1.000000000000000082e-05
4.765166479440327563e-01 1.560410039943841733e-02 1.000000000000000082e-05
4.748720149330091789e-01 1.560476268231416122e-02 1.000000000000000082e-05
4.732330581512477208e-01 1.560699863692932912e-02 1.000000000000000082e-05
4.715997580080079077e-01 1.560781991405782269e-02 1.000000000000000082e-05
4.699720949801637904e-01 1.560978668018501297e-02 1.000000000000000082e-05
4.683500496119712420e-01 1.561075779707065368e-02 1.000000000000000082e-05
4.667336025148346446e-01 1.561176699349158155e-02 1.000000000000000082e-05
4.651227343670757963e-01 1.561276609037149168e-02 1.000000000000000082e-05
4.635174259137026520e-01 1.561426587457722531e-02 1.000000000000000082e-05
4.619176579661788407e-01 1.561560244122425951e-02 1.000000000000000082e-05
4.603234114021949597e-01 1.561703971061617277e-02 1.000000000000000082e-05
4.587346671654396468e-01 1.561873936209569672e-02 1.000000000000000082e-05
4.571514062653718180e-01 1.562042953301775311e-02 1.000000000000000082e-05
4.555736097769935711e-01 1.562271036164238763e-02 1.000000000000000082e-05
4.540012588406241445e-01 1.562403984401579057e-02 1.000000000000000082e-05
4.524343346616745420e-01 1.562585305169014033e-02 1.000000000000000082e-05
4.508728185104224906e-01 1.562704325296565902e-02 1.000000000000000082e-05
4.493166917217891188e-01 1.562992610128005264e-02 1.000000000000000082e-05
4.477659356951154690e-01 1.563073254538074539e-02 1.000000000000000082e-05
4.462205318939401755e-01 1.563299654914920497e-02 1.000000000000000082e-05
4.446804618457779190e-01 1.563422327281325727e-02 1.000000000000000082e-05
4.431457071418988813e-01 1.563759839125877099e-02 1.000000000000000082e-05
4.416162494371083658e-01 1.563658199369696855e-02 1.000000000000000082e-05
4.400920704495276947e-01 1.563769927367257562e-02 1.000000000000000082e-05
4.385731519603754958e-01 1.563894251451249454e-02 1.000000000000000082e-05
4.370594758137503200e-01 1.563993906929812827e-02 1.000000000000000082e-05
4.355510239164130937e-01 1.564136523866575465e-02 1.000000000000000082e-05
4.340477782375712357e-01 1.564286788165575662e-02 1.000000000000000082e-05
4.325497208086632184e-01 1.564440536245552404e-02 1.000000000000000082e-05
4.310568337231431291e-01 1.564597526793272061e-02 1.000000000000000082e-05
4.295690991362674516e-01 1.564749762457259136e-02 1.000000000000000082e-05
4.280864992648814038e-01 1.564908272233476658e-02 1.000000000000000082e-05
4.266090163872061081e-01 1.565068200225010198e-02 1.000000000000000082e-05
4.251366328426271490e-01 1.565234921512315830e-02 1.000000000000000082e-05
4.236693310314834648e-01 1.565385340799926167e-02 1.000000000000000082e-05
4.222070934148567933e-01 1.565546611011279024e-02 1.000000000000000082e-05
4.207499025143618954e-01 1.565692876022908853e-02 1.000000000000000082e-05
4.192977409119379995e-01 1.565842026656346503e-02 1.000000000000000082e-05
4.178505912496404684e-01 1.565991947419302643e-02 1.000000000000000082e-05
4.164084362294330766e-01 1.566148525227198038e-02 1.000000000000000082e-05
4.149712586129816194e-01 1.566296622205352526e-02 1.000000000000000082e-05
4.135390412214476896e-01 1.566446644538097357e-02 1.000000000000000082e-05
4.121117669352831747e-01 1.566602069967451202e-02 1.000000000000000082e-05
4.106894186940258651e-01 1.566757198299776818e-02 1.000000000000000082e-05
4.092719794960955060e-01 1.566911299013895587e-02 1.000000000000000082e-05
4.078594323985902936e-01 1.567069076839052583e-02 1.000000000000000082e-05
4.064517605170848702e-01 1.567234002697458911e-02 1.000000000000000082e-05
4.050489470254278745e-01 1.567390996151210233e-02 1.000000000000000082e-05
4.036509751555413805e-01 1.567541166139108100e-02 1.000000000000000082e-05
4.022578281972201686e-01 1.567714043239421678e-02 1.000000000000000082e-05
4.008694894979319412e-01 1.567881625458128828e-02 1.000000000000000082e-05
3.994859424626185374e-01 1.568037876721322527e-02 1.000000000000000082e-05
3.981071705534972027e-01 1.568191186893622829e-02 1.000000000000000082e-05
