2.72575 1.2492 0.15911
2.72711 1.63952 0.15841
2.72847 1.36558 0.15404
2.72983 1.52384 0.13777
2.73119 1.53327 0.1316
2.73255 1.7824 0.13158
2.73391 1.57913 0.12669
2.73527 1.50178 0.12461
2.73663 1.47037 0.12154
2.73799 1.55548 0.11743
2.73935 1.43924 0.11436
2.74071 1.4613 0.10572
2.74207 1.37454 0.10655
2.74343 1.57102 0.09983
2.74479 1.42619 0.09699
2.74615 1.4952 0.0968
2.74751 1.63381 0.09284
2.74887 1.6073 0.09303
2.75023 1.56634 0.08641
2.75159 1.56161 0.08417
2.75295 1.55504 0.08642
2.75431 1.4807 0.08161
2.75567 1.45964 0.07614
2.75703 1.41831 0.07699
2.75839 1.41682 0.0755
2.75975 1.62033 0.07255
2.76111 1.51317 0.12376
2.76246 1.53495 0.06732
2.76382 1.50674 0.06653
2.76518 1.55126 0.06604
2.76654 1.50303 0.06476
2.7679 1.58572 0.06243
2.76926 1.57996 0.06012
2.77062 1.47128 0.05818
2.77198 1.5743 0.05737
2.77334 1.55585 0.05686
2.7747 1.50294 0.05583
2.77606 1.60985 0.05531
2.77742 1.48195 0.05478
2.77878 1.52591 0.05361
2.78014 1.45792 0.05431
2.7815 1.36729 0.05079
2.78286 1.4952 0.05054
2.78422 1.54984 0.04962
2.78558 1.49489 0.04895
2.78694 1.55084 0.04797
2.7883 1.53318 0.04723
2.78966 1.41539 0.04588
2.79101 1.48351 0.04486
2.79237 1.4901 0.04437
2.79373 1.53649 0.04474
2.79509 1.48544 0.04304
2.79645 1.52752 0.04387
2.79781 1.53767 0.04482
2.79917 1.54687 0.04349
2.80053 1.46973 0.04102
2.80189 1.50865 0.04102
2.80325 1.58122 0.04344
2.80461 1.48947 0.04299
2.80597 1.49174 0.04178
2.80733 1.46109 0.04038
2.80868 1.54303 0.04173
2.81004 1.48571 0.03984
2.8114 1.59549 0.03921
2.81276 1.56346 0.03923
2.81412 1.45184 0.04019
2.81548 1.53437 0.03829
2.81684 1.54372 0.03846
2.8182 1.55125 0.03842
2.81956 1.44893 0.03829
2.82092 1.51854 0.03755
2.82228 1.50639 0.03665
2.82363 1.44436 0.03732
2.82499 1.48978 0.03669
2.82635 1.55339 0.03655
2.82771 1.49027 0.0363
2.82907 1.45525 0.03694
2.83043 1.52316 0.03646
2.83179 1.55351 0.03659
2.83315 1.5016 0.03552
2.83451 1.48245 0.03526
2.83586 1.51233 0.03505
2.83722 1.48731 0.03545
2.83858 1.50693 0.03555
2.83994 1.49758 0.03584
2.8413 1.50342 0.03651
2.84266 1.50392 0.03526
2.84402 1.50936 0.03551
2.84538 1.52678 0.03506
2.84673 1.47448 0.03449
2.84809 1.50946 0.03377
2.84945 1.48178 0.03489
2.85081 1.5017 0.03504
2.85217 1.46375 0.03347
2.85353 1.54331 0.03391
2.85489 1.50167 0.03315
2.85625 1.49826 0.03489
2.8576 1.49551 0.0342
2.85896 1.54465 0.03384
2.86032 1.52698 0.03374
2.86168 1.49671 0.03255
2.86304 1.54926 0.03302
2.8644 1.50617 0.03315
2.86576 1.54468 0.03295
2.86711 1.47801 0.03338
2.86847 1.54083 0.03344
2.86983 1.48087 0.03409
2.87119 1.50679 0.03356
2.87255 1.48139 0.03349
2.87391 1.51551 0.03372
2.87526 1.50209 0.03408
2.87662 1.55597 0.03358
2.87798 1.44859 0.03287
2.87934 1.47392 0.0331
2.8807 1.42057 0.03301
2.88206 1.5355 0.03331
2.88341 1.52882 0.03378
2.88477 1.48032 0.03318
2.88613 1.52639 0.03361
2.88749 1.54395 0.03262
2.88885 1.57952 0.03324
2.89021 1.51939 0.03286
2.89156 1.51106 0.03249
2.89292 1.45522 0.03299
2.89428 1.48801 0.03285
2.89564 1.46821 0.0339
2.897 1.49144 0.03217
2.89835 1.51602 0.03251
2.89971 1.53456 0.03238
2.90107 1.52088 0.03356
2.90243 1.45837 0.03275
2.90379 1.49997 0.0328
2.90514 1.47897 0.03233
2.9065 1.47526 0.03209
2.90786 1.60236 0.03265
2.90922 1.51081 0.0317
2.91058 1.47384 0.0325
2.91193 1.56555 0.03126
2.91329 1.48702 0.0323
2.91465 1.45657 0.03217
2.91601 1.49274 0.03131
2.91737 1.50271 0.03107
2.91872 1.53079 0.03145
2.92008 1.54484 0.03128
2.92144 1.50045 0.03152
2.9228 1.47023 0.03139
2.92416 1.48506 0.03139
2.92551 1.50994 0.03148
2.92687 1.51737 0.03119
2.92823 1.51999 0.03088
2.92959 1.48297 0.03029
2.93094 1.51278 0.03089
2.9323 1.51931 0.03073
2.93366 1.52889 0.03144
2.93502 1.52175 0.03084
2.93637 1.50877 0.03014
2.93773 1.50576 0.03054
2.93909 1.50348 0.03097
2.94045 1.53731 0.03031
2.94181 1.50303 0.03113
2.94316 1.48658 0.02933
2.94452 1.51816 0.0301
2.94588 1.49514 0.03014
2.94724 1.53785 0.03053
2.94859 1.48116 0.03077
2.94995 1.4482 0.02904
2.95131 1.49692 0.03031
2.95267 1.52645 0.03019
2.95402 1.5297 0.03042
2.95538 1.46138 0.02981
2.95674 1.52192 0.02942
2.95809 1.4762 0.03002
2.95945 1.48377 0.02961
2.96081 1.52342 0.02955
2.96217 1.48779 0.0298
2.96352 1.50214 0.02961
2.96488 1.51172 0.02964
2.96624 1.51737 0.02946
2.9676 1.4664 0.0298
2.96895 1.52641 0.03013
2.97031 1.47938 0.02984
2.97167 1.46832 0.02938
2.97302 1.53872 0.02986
2.97438 1.54526 0.02943
2.97574 1.52424 0.02907
2.9771 1.57036 0.02919
2.97845 1.51933 0.02912
2.97981 1.47968 0.02953
2.98117 1.48303 0.03398
2.98252 1.50911 0.02928
2.98388 1.55404 0.02959
2.98524 1.50871 0.02837
2.9866 1.49717 0.02798
2.98795 1.54359 0.02939
2.98931 1.5043 0.02904
2.99067 1.50967 0.02891
2.99202 1.48282 0.02945
2.99338 1.52539 0.02877
2.99474 1.50465 0.02958
2.99609 1.53493 0.02936
2.99745 1.47739 0.02904
2.99881 1.50515 0.02936
3.00016 1.50339 0.02953
3.00152 1.49314 0.03023
3.00288 1.50531 0.02978
3.00424 1.4958 0.0289
3.00559 1.52108 0.02919
3.00695 1.48157 0.02896
3.00831 1.50397 0.02905
3.00966 1.40386 0.02965
3.01102 1.50729 0.02926
3.01238 1.49336 0.02929
3.01373 1.53124 0.02894
3.01509 1.51222 0.02867
3.01645 1.52268 0.02955
3.0178 1.48146 0.02905
3.01916 1.46889 0.02921
3.02052 1.50074 0.02971
3.02187 1.49556 0.02892
3.02323 1.53438 0.02896
3.02459 1.45216 0.0289
3.02594 1.50031 0.02916
3.0273 1.4677 0.02903
3.02865 1.45359 0.02893
3.03001 1.48201 0.02978
3.03137 1.45326 0.02981
3.03272 1.51953 0.02861
3.03408 1.54329 0.02904
3.03544 1.46104 0.02982
3.03679 1.47856 0.02931
3.03815 1.5586 0.02968
3.03951 1.52457 0.02954
3.04086 1.51905 0.02966
3.04222 1.47406 0.02876
3.04357 1.52134 0.02904
3.04493 1.49653 0.02943
3.04629 1.49239 0.02766
3.04764 1.50632 0.02885
3.049 1.51206 0.02924
3.05036 1.52155 0.02879
3.05171 1.47598 0.02937
3.05307 1.5018 0.02978
3.05442 1.47031 0.02849
3.05578 1.49369 0.02873
3.05714 1.4982 0.02822
3.05849 1.53165 0.02883
3.05985 1.44556 0.02943
3.0612 1.50505 0.02827
3.06256 1.52953 0.02944
3.06392 1.49249 0.02834
3.06527 1.5351 0.0294
3.06663 1.48972 0.02896
3.06798 1.4979 0.04514
3.06934 1.51498 0.0282
3.0707 1.48201 0.02851
3.07205 1.57736 0.02905
3.07341 1.49899 0.0277
3.07476 1.48537 0.02876
3.07612 1.49397 0.02815
3.07748 1.48177 0.02861
3.07883 1.49532 0.02818
3.08019 1.51863 0.02839
3.08154 1.50948 0.02906
3.0829 1.49897 0.02889
3.08425 1.53942 0.02871
3.08561 1.53714 0.029
3.08697 1.57658 0.02941
3.08832 1.50397 0.02862
3.08968 1.50345 0.02935
3.09103 1.48247 0.02938
3.09239 1.48614 0.02915
3.09374 1.50149 0.02867
3.0951 1.50918 0.029
3.09646 1.51033 0.02931
3.09781 1.49422 0.02816
3.09917 1.50847 0.02883
3.10052 1.52143 0.02891
3.10188 1.48371 0.02906
3.10323 1.48679 0.02853
3.10459 1.55811 0.0283
3.10594 1.4581 0.0288
3.1073 1.44677 0.02832
3.10865 1.49218 0.02866
3.11001 1.51798 0.02958
3.11137 1.47351 0.02658
3.11272 1.47824 0.02854
3.11408 1.4956 0.02979
3.11543 1.52582 0.02932
3.11679 1.48123 0.02788
3.11814 1.52755 0.02903
3.1195 1.4816 0.0284
3.12085 1.51866 0.02947
3.12221 1.56394 0.02915
3.12356 1.50224 0.02942
3.12492 1.54311 0.02968
3.12627 1.51685 0.03006
3.12763 1.48644 0.02916
3.12898 1.48158 0.02894
3.13034 1.49029 0.02845
3.13169 1.53504 0.02912
3.13305 1.45917 0.02879
3.1344 1.48712 0.0284
3.13576 1.47431 0.02955
3.13711 1.47554 0.02929
3.13847 1.46619 0.02897
3.13982 1.45076 0.02831
3.14118 1.46111 0.02923
3.14253 1.46203 0.02853
3.14389 1.51359 0.02881
3.14524 1.49066 0.02881
3.1466 1.45165 0.02906
3.14795 1.49004 0.02859
3.14931 1.49369 0.02971
3.15066 1.49411 0.02805
3.15202 1.53297 0.02855
3.15337 1.49233 0.02856
3.15473 1.49206 0.02895
3.15608 1.50637 0.02922
3.15744 1.50511 0.02809
3.15879 1.49702 0.02822
3.16015 1.50995 0.02886
3.1615 1.49702 0.02871
3.16286 1.5369 0.02899
3.16421 1.52338 0.02864
3.16556 1.47984 0.02843
3.16692 1.51166 0.0284
3.16827 1.49545 0.02785
3.16963 1.48698 0.02868
3.17098 1.46288 0.02895
3.17234 1.51275 0.0288
3.17369 1.50001 0.02899
3.17505 1.51062 0.02877
3.1764 1.49361 0.02804
3.17776 1.55614 0.02959
3.17911 1.46976 0.02937
3.18046 1.54261 0.02964
3.18182 1.50004 0.0288
3.18317 1.50489 0.02907
3.18453 1.46839 0.02855
3.18588 1.54215 0.02895
3.18724 1.46509 0.02862
3.18859 1.57518 0.02842
3.18994 1.49718 0.02813
3.1913 1.4893 0.02897
3.19265 1.47311 0.02869
3.19401 1.52191 0.02925
3.19536 1.48651 0.03005
3.19672 1.50181 0.02852
3.19807 1.47152 0.02922
3.19942 1.49982 0.02896
3.20078 1.43773 0.02941
3.20213 1.49368 0.02879
3.20349 1.50834 0.02916
3.20484 1.47061 0.02904
3.20619 1.44461 0.02952
3.20755 1.50036 0.02932
3.2089 1.55058 0.02907
3.21026 1.46012 0.02568
3.21161 1.51035 0.02999
3.21296 1.53579 0.02995
3.21432 1.49493 0.02954
3.21567 1.48714 0.02973
3.21703 1.52998 0.03024
3.21838 1.50536 0.03078
3.21973 1.49127 0.03051
3.22109 1.47024 0.02957
3.22244 1.46963 0.02921
3.22379 1.55522 0.03017
3.22515 1.45383 0.11573
3.2265 1.52239 0.03879
3.22786 1.4819 0.02953
3.22921 1.50029 0.03069
3.23056 1.51398 0.02969
3.23192 1.47129 0.02955
3.23327 1.43272 0.02945
3.23462 1.52123 0.02996
3.23598 1.48964 0.03122
3.23733 1.52876 0.02926
3.23868 1.43955 0.03014
3.24004 1.47014 0.02943
3.24139 1.42123 0.02985
3.24275 1.53274 0.02891
3.2441 1.52553 0.03009
3.24545 1.54466 0.03004
3.24681 1.47976 0.02955
3.24816 1.49152 0.02981
3.24951 1.49571 0.03026
3.25087 1.44623 0.02977
3.25222 1.51742 0.0291
3.25357 1.48897 0.02928
3.25493 1.50143 0.02938
3.25628 1.46602 0.02902
3.25763 1.53249 0.03013
3.25899 1.50881 0.02905
3.26034 1.46359 0.02913
3.26169 1.44516 0.02912
3.26305 1.54929 0.02926
3.2644 1.49831 0.03167
3.26575 1.48628 0.02936
3.2671 1.525 0.03193
3.26846 1.54926 0.03269
3.26981 1.43851 0.03205
3.27116 1.47838 0.02945
3.27252 1.48471 0.02931
3.27387 1.45574 0.02911
3.27522 1.5089 0.0297
3.27658 1.51371 0.02899
3.27793 1.51195 0.02999
3.27928 1.46556 0.02937
3.28064 1.57517 0.02989
3.28199 1.49568 0.02966
3.28334 1.46633 0.03051
3.28469 1.46014 0.02965
3.28605 1.49733 0.02937
3.2874 1.50214 0.0309
3.28875 1.48966 0.02942
3.29011 1.50963 0.02981
3.29146 1.46471 0.02936
3.29281 1.49547 0.02926
3.29416 1.44932 0.03077
3.29552 1.50297 0.03014
3.29687 1.49121 0.0298
3.29822 1.48031 0.03074
3.29957 1.51489 0.03035
3.30093 1.47379 0.02945
3.30228 1.48196 0.02921
3.30363 1.55188 0.02958
3.30498 1.39908 0.02914
3.30634 1.47078 0.02956
3.30769 1.45874 0.02955
3.30904 1.459 0.02949
3.31039 1.46203 0.02966
3.31175 1.50268 0.0299
3.3131 1.51123 0.02992
3.31445 1.4427 0.02975
3.3158 1.54476 0.03052
3.31716 1.4692 0.0299
3.31851 1.4752 0.03028
3.31986 1.5363 0.02985
3.32121 1.54999 0.02987
3.32257 1.47612 0.03019
3.32392 1.51258 0.02932
3.32527 1.4476 0.02995
3.32662 1.49927 0.02987
3.32797 1.48105 0.0296
3.32933 1.50977 0.02935
3.33068 1.47741 0.02992
3.33203 1.47467 0.03016
3.33338 1.52639 0.02965
3.33474 1.54155 0.02912
3.33609 1.5413 0.03014
3.33744 1.46289 0.03077
3.33879 1.49302 0.02969
3.34014 1.47284 0.02972
3.3415 1.51559 0.02969
3.34285 1.41654 0.02891
3.3442 1.47319 0.03007
3.34555 1.47026 0.02993
3.3469 1.46266 0.02956
3.34826 1.48948 0.02964
3.34961 1.44538 0.03052
3.35096 1.49087 0.03044
3.35231 1.46234 0.04054
3.35366 1.50003 0.03068
3.35501 1.47452 0.03009
3.35637 1.52784 0.03015
3.35772 1.45124 0.03
3.35907 1.48107 0.03019
3.36042 1.41451 0.02929
3.36177 1.48566 0.03018
3.36312 1.50783 0.03049
3.36448 1.52289 0.0314
3.36583 1.49969 0.03058
3.36718 1.47368 0.02937
3.36853 1.4569 0.02996
3.36988 1.51387 0.03043
3.37123 1.47604 0.0605
3.37259 1.51011 0.03118
3.37394 1.5101 0.0312
3.37529 1.514 0.03021
3.37664 1.51869 0.0304
3.37799 1.51169 0.03064
3.37934 1.49284 0.03072
3.38069 1.47796 0.03058
3.38205 1.45146 0.02916
3.3834 1.49743 0.0298
3.38475 1.49551 0.03059
3.3861 1.48357 0.03004
3.38745 1.47066 0.03044
3.3888 1.52682 0.0303
3.39015 1.4776 0.03001
3.3915 1.4883 0.03035
3.39286 1.47697 0.03133
3.39421 1.52697 0.0304
3.39556 1.51767 0.03009
3.39691 1.52827 0.03053
3.39826 1.48747 0.03149
3.39961 1.48096 0.03104
3.40096 1.48343 0.03026
3.40231 1.45913 0.03022
3.40366 1.47198 0.02976
3.40502 1.48214 0.03035
3.40637 1.46418 0.03131
3.40772 1.51388 0.0303
3.40907 1.47508 0.03035
3.41042 1.47342 0.03033
3.41177 1.42278 0.03113
3.41312 1.55346 0.03155
3.41447 1.55564 0.03058
3.41582 1.50851 0.03068
3.41717 1.4512 0.03001
3.41852 1.47061 0.03039
3.41988 1.4741 0.02714
3.42123 1.52341 0.03081
3.42258 1.49903 0.03048
3.42393 1.54285 0.03052
3.42528 1.44849 0.03082
3.42663 1.542 0.03127
3.42798 1.47096 0.02982
3.42933 1.46817 0.03219
3.43068 1.47873 0.03129
3.43203 1.49999 0.03058
3.43338 1.50055 0.02966
3.43473 1.45594 0.03128
3.43608 1.56293 0.02944
3.43743 1.53829 0.02999
3.43878 1.54496 0.03059
3.44013 1.4922 0.0301
3.44148 1.44629 0.03125
3.44284 1.42606 0.03002
3.44419 1.48783 0.03139
3.44554 1.47373 0.0297
3.44689 1.49474 0.02999
3.44824 1.43807 0.03031
3.44959 1.47461 0.03043
3.45094 1.50831 0.03013
3.45229 1.51466 0.03024
3.45364 1.47771 0.03043
3.45499 1.52384 0.0305
3.45634 1.49321 0.0306
3.45769 1.4708 0.03078
3.45904 1.49355 0.03057
3.46039 1.48451 0.03014
3.46174 1.45886 0.03149
3.46309 1.46747 0.03092
3.46444 1.48542 0.03079
3.46579 1.42078 0.03026
3.46714 1.48263 0.03084
3.46849 1.49611 0.03062
3.46984 1.5023 0.03064
3.47119 1.44372 0.03052
3.47254 1.47244 0.03015
3.47389 1.51655 0.03214
3.47524 1.54229 0.03056
3.47659 1.51204 0.03161
3.47794 1.47315 0.03007
3.47929 1.51266 0.03071
3.48064 1.51165 0.03056
3.48199 1.44876 0.03178
3.48334 1.47192 0.03094
3.48469 1.47767 0.02982
3.48604 1.51925 0.03127
3.48739 1.53926 0.03077
3.48874 1.52751 0.03142
3.49008 1.52788 0.03042
3.49143 1.47873 0.03122
3.49278 1.43213 0.03213
3.49413 1.51929 0.03157
3.49548 1.50499 0.03197
3.49683 1.53222 0.03074
3.49818 1.47436 0.03133
3.49953 1.5341 0.0311
3.50088 1.46509 0.03126
3.50223 1.46063 0.0312
3.50358 1.49088 0.03145
3.50493 1.50304 0.03051
3.50628 1.50869 0.03123
3.50763 1.46146 0.03072
3.50898 1.46602 0.0312
3.51033 1.51546 0.03104
3.51168 1.49903 0.03088
3.51302 1.45644 0.03132
3.51437 1.42905 0.03109
3.51572 1.53561 0.0317
3.51707 1.47259 0.03187
3.51842 1.47615 0.03127
3.51977 1.5401 0.0313
3.52112 1.464 0.03137
3.52247 1.50827 0.03152
3.52382 1.47108 0.03061
3.52517 1.48979 0.03041
3.52652 1.52798 0.03106
3.52786 1.42563 0.03203
3.52921 1.43344 0.03082
3.53056 1.49458 0.03118
3.53191 1.4443 0.03138
3.53326 1.52481 0.03085
3.53461 1.51945 0.03125
3.53596 1.48668 0.03189
3.53731 1.47131 0.03208
3.53866 1.5071 0.03119
3.54 1.45154 0.03229
3.54135 1.46885 0.03138
3.5427 1.43462 0.03203
3.54405 1.44842 0.0313
3.5454 1.50269 0.03142
3.54675 1.50159 0.03087
3.5481 1.46034 0.03228
3.54944 1.46268 0.03068
3.55079 1.50264 0.03103
3.55214 1.49317 0.03181
3.55349 1.46597 0.03139
3.55484 1.49492 0.03148
3.55619 1.4608 0.03164
3.55754 1.49336 0.03123
3.55888 1.43078 0.0315
3.56023 1.54982 0.03115
3.56158 1.45262 0.03146
3.56293 1.51895 0.03156
3.56428 1.52174 0.03142
3.56563 1.5144 0.03196
3.56697 1.4945 0.03163
3.56832 1.56077 0.03138
3.56967 1.46067 0.03116
3.57102 1.4915 0.03045
3.57237 1.43486 0.03228
3.57372 1.44975 0.03156
3.57506 1.44419 0.0327
3.57641 1.46357 0.03237
3.57776 1.48064 0.03195
3.57911 1.51743 0.03211
3.58046 1.43434 0.03222
3.5818 1.49217 0.03284
3.58315 1.47445 0.03156
3.5845 1.48025 0.03158
3.58585 1.4966 0.03153
3.5872 1.51581 0.03192
3.58854 1.4601 0.03178
3.58989 1.47104 0.03258
3.59124 1.52387 0.03106
3.59259 1.44122 0.03126
3.59394 1.48219 0.03148
3.59528 1.52744 0.03247
3.59663 1.4526 0.03255
3.59798 1.44577 0.03186
3.59933 1.47649 0.03267
3.60067 1.49755 0.03228
3.60202 1.51165 0.03036
3.60337 1.49 0.0312
3.60472 1.50058 0.03184
3.60607 1.50278 0.0318
3.60741 1.49066 0.03218
3.60876 1.50795 0.03179
3.61011 1.42039 0.03166
3.61146 1.42686 0.03464
3.6128 1.47977 0.0328
3.61415 1.44955 0.0321
3.6155 1.51207 0.03244
3.61685 1.4549 0.03224
3.61819 1.4608 0.03198
3.61954 1.41481 0.0321
3.62089 1.53343 0.03249
3.62223 1.4648 0.03262
3.62358 1.49871 0.03104
3.62493 1.54001 0.03273
3.62628 1.46438 0.033
3.62762 1.48748 0.03271
3.62897 1.5188 0.03239
3.63032 1.46031 0.03333
3.63167 1.47584 0.03291
3.63301 1.56822 0.03239
3.63436 1.5235 0.03372
3.63571 1.50483 0.034
3.63705 1.49083 0.03331
3.6384 1.52869 0.03302
3.63975 1.42975 0.03246
3.64109 1.50183 0.0323
3.64244 1.43486 0.03222
3.64379 1.45188 0.03281
3.64514 1.47239 0.03238
3.64648 1.54374 0.03241
3.64783 1.49794 0.0328
3.64918 1.52779 0.03304
3.65052 1.47272 0.03312
3.65187 1.48112 0.03193
3.65322 1.49895 0.03224
3.65456 1.47289 0.03393
3.65591 1.5197 0.03454
3.65726 1.56058 0.03414
3.6586 1.51994 0.03431
3.65995 1.43959 0.03296
3.6613 1.52231 0.03341
3.66264 1.54086 0.03332
3.66399 1.44995 0.03321
3.66534 1.50867 0.03409
3.66668 1.54336 0.03278
3.66803 1.49883 0.03196
3.66938 1.46481 0.0329
3.67072 1.50598 0.03372
3.67207 1.4834 0.03357
3.67342 1.46887 0.03315
3.67476 1.42785 0.03246
3.67611 1.49519 0.03339
3.67745 1.46481 0.03319
3.6788 1.39704 0.03402
3.68015 1.4749 0.03435
3.68149 1.51255 0.03362
3.68284 1.50692 0.03272
3.68419 1.4951 0.03306
3.68553 1.51474 0.04235
3.68688 1.52637 0.03332
3.68822 1.46203 0.0325
3.68957 1.49302 0.03352
3.69092 1.50968 0.03341
3.69226 1.4315 0.03421
3.69361 1.47528 0.03309
3.69495 1.42448 0.03453
3.6963 1.53167 0.0342
3.69765 1.45817 0.03322
3.69899 1.46383 0.03521
3.70034 1.46118 0.03369
3.70168 1.50632 0.03447
3.70303 1.46769 0.03322
3.70438 1.50619 0.03454
3.70572 1.46663 0.03375
3.70707 1.52997 0.03395
3.70841 1.43812 0.03341
3.70976 1.45428 0.03308
3.7111 1.49589 0.03333
3.71245 1.48706 0.03389
3.7138 1.48816 0.03306
3.71514 1.39436 0.03576
3.82416 1.45729 0.035
3.82551 1.37691 0.04484
3.82685 1.43107 0.03641
3.82819 1.52005 0.03496
3.82954 1.54735 0.03469
3.83088 1.44779 0.03463
3.83222 1.47642 0.03502
3.83357 1.50371 0.03506
3.83491 1.49337 0.03489
3.83625 1.40199 0.03472
3.8376 1.48601 0.03595
3.83894 1.47108 0.03617
3.84028 1.46945 0.03505
3.84163 1.46724 0.037
3.84297 1.52178 0.03509
3.84431 1.47341 0.03648
3.84565 1.45742 0.03672
3.847 1.52356 0.03542
3.84834 1.46634 0.03426
3.84968 1.46938 0.03543
3.85103 1.5144 0.03746
3.85237 1.48679 0.03504
3.85371 1.41643 0.03509
3.85506 1.45999 0.03711
3.8564 1.52635 0.03561
3.85774 1.45564 0.03487
3.85908 1.50513 0.03581
3.86043 1.40664 0.03363
3.86177 1.46358 0.03737
3.86311 1.50369 0.03596
3.86445 1.47246 0.03726
3.8658 1.469 0.03784
3.86714 1.48782 0.03695
3.86848 1.42664 0.0367
3.86983 1.44239 0.03595
3.87117 1.47924 0.03591
3.87251 1.49697 0.03921
3.87385 1.39426 0.0385
3.8752 1.38806 0.03662
3.87654 1.46257 0.03564
3.87788 1.48159 0.03719
3.87922 1.47573 0.03526
3.88056 1.51566 0.03656
3.88191 1.41824 0.0365
3.88325 1.40377 0.03669
3.88459 1.47677 0.03616
3.88593 1.45708 0.03755
3.88728 1.4711 0.03638
3.88862 1.39815 0.03639
3.88996 1.49617 0.0356
3.8913 1.4812 0.03598
3.89265 1.43189 0.03623
3.89399 1.45119 0.03655
3.89533 1.46735 0.03627
3.89667 1.43824 0.03527
3.89801 1.4546 0.03684
3.89936 1.48831 0.03685
3.9007 1.53089 0.03613
3.90204 1.43346 0.03558
3.90338 1.51286 0.03737
3.90472 1.49919 0.03695
3.90607 1.39606 0.03778
3.90741 1.59042 0.0364
3.90875 1.55674 0.03723
3.91009 1.51631 0.03849
3.91143 1.46099 0.03713
3.91277 1.44592 0.03657
3.91412 1.47761 0.03583
3.91546 1.49166 0.03519
3.9168 1.43486 0.03697
3.91814 1.45171 0.03662
3.91948 1.44141 0.03749
3.92083 1.41782 0.03741
3.92217 1.47164 0.0374
3.92351 1.42636 0.03655
3.92485 1.44703 0.03579
3.92619 1.42128 0.03709
3.92753 1.42927 0.03694
3.92887 1.52595 0.03733
3.93022 1.4464 0.03622
3.93156 1.51026 0.03676
3.9329 1.4891 0.03639
3.93424 1.47889 0.03863
3.93558 1.48094 0.03637
3.93692 1.42695 0.0375
3.93826 1.47999 0.03661
3.9396 1.47277 0.03686
3.94095 1.48028 0.03829
3.94229 1.40493 0.03691
3.94363 1.49453 0.03694
3.94497 1.47085 0.03699
3.94631 1.46654 0.03743
3.94765 1.49626 0.03728
3.94898 1.47735 0.03801
3.9503 1.56235 0.03976
3.95164 1.54033 0.03728
3.95299 1.41241 0.03668
3.95433 1.40723 0.03684
3.95567 1.5002 0.0385
3.95701 1.49139 0.03793
3.95835 1.48322 0.03676
3.95969 1.43681 0.0368
3.96103 1.46464 0.03847
3.96237 1.47375 0.03724
3.96371 1.41931 0.03642
3.96505 1.48048 0.03724
3.96639 1.51197 0.03727
3.96773 1.48975 0.03905
3.96908 1.50095 0.03839
3.97042 1.39929 0.03792
3.97176 1.50535 0.03936
3.9731 1.46406 0.03851
3.97444 1.49399 0.03914
3.97578 1.44793 0.03991
3.97712 1.44942 0.03715
3.97846 1.5015 0.03873
3.9798 1.48619 0.03865
3.98114 1.46379 0.03905
3.98248 1.46291 0.03865
3.98382 1.52535 0.03949
3.98516 1.55363 0.03914
3.9865 1.49321 0.03976
3.98784 1.49501 0.03761
3.98918 1.44585 0.03916
3.99052 1.51428 0.03955
3.99186 1.42626 0.03828
3.9932 1.48365 0.03767
3.99454 1.51261 0.03878
3.99588 1.48264 0.0378
3.99722 1.55494 0.03912
3.99856 1.51288 0.03802
3.9999 1.42222 0.03812
4.00124 1.49975 0.03938
4.00258 1.40437 0.03813
4.00392 1.51198 0.03944
4.00526 1.4544 0.04021
4.0066 1.45579 0.03951
4.00794 1.48523 0.03919
4.00928 1.47866 0.03935
4.01062 1.50975 0.03977
4.01196 1.4771 0.0379
4.0133 1.48673 0.0374
4.01464 1.40002 0.03882
4.01598 1.47782 0.03986
4.01866 1.43748 0.0389
4.02 1.47468 0.03883
4.02134 1.47174 0.03854
4.02268 1.47419 0.04075
4.02402 1.39197 0.03945
4.02536 1.43594 0.03787
4.0267 1.49202 0.03947
4.02804 1.44098 0.0385
4.02938 1.5086 0.04028
4.03072 1.52712 0.03963
4.03206 1.44255 0.0394
4.0334 1.53273 0.04208
4.03474 1.53157 0.03914
4.03608 1.47183 0.04095
4.03742 1.45715 0.03925
4.03875 1.45962 0.03962
4.04009 1.53831 0.03914
4.04143 1.47834 0.03836
4.04277 1.49318 0.03919
4.04411 1.44323 0.04
4.04545 1.5409 0.04045
4.04679 1.47784 0.03919
4.04813 1.49437 0.03937
4.04947 1.37914 0.04285
4.05081 1.51308 0.0444
4.05215 1.47652 0.04171
4.05348 1.50625 0.04031
4.05482 1.48837 0.04003
4.05616 1.49695 0.03889
4.0575 1.47208 0.03939
4.05884 1.56855 0.03996
4.06018 1.44755 0.04001
4.06152 1.51916 0.0407
4.06286 1.50211 0.03919
4.0642 1.5178 0.0397
4.06554 1.44664 0.03919
4.06687 1.49797 0.03964
4.06821 1.56648 0.03921
4.06955 1.46781 0.03869
4.07089 1.47132 0.03927
4.07223 1.53202 0.04043
4.07357 1.44562 0.03951
4.07491 1.51102 0.04104
4.07624 1.51734 0.04242
4.07758 1.49239 0.04284
4.07892 1.43124 0.04034
4.08026 1.4156 0.04094
4.0816 1.45791 0.04262
4.08294 1.48206 0.04074
4.08427 1.49647 0.0398
4.08561 1.49916 0.04027
4.08695 1.52694 0.03991
4.08829 1.45667 0.03998
4.08963 1.54162 0.04084
4.09097 1.55642 0.0402
4.0923 1.51224 0.04035
4.09364 1.48595 0.04189
4.09498 1.52448 0.04009
4.09632 1.45798 0.0402
4.09766 1.47302 0.03944
4.099 1.4755 0.04089
4.10033 1.41998 0.04051
4.10167 1.42913 0.04042
4.10301 1.5386 0.04
4.10435 1.47197 0.04019
4.10569 1.4826 0.04151
4.10702 1.52255 0.03938
4.10836 1.49626 0.04184
4.1097 1.50174 0.04136
4.11104 1.50063 0.04117
4.11237 1.42929 0.04157
4.11371 1.55494 0.04135
4.11505 1.47353 0.04111
4.11639 1.43349 0.04141
4.11773 1.4861 0.03969
4.11906 1.49186 0.04098
4.12038 1.47686 0.04007
4.12171 1.47534 0.04031
4.12304 1.48069 0.04156
4.12438 1.52671 0.04156
4.12572 1.45505 0.04113
4.12706 1.56175 0.04177
4.12839 1.46958 0.0417
4.12973 1.56715 0.04053
4.13107 1.50503 0.04192
4.13241 1.55509 0.04213
4.13374 1.54414 0.04268
4.13508 1.55802 0.04005
4.13642 1.48592 0.04166
4.13776 1.47681 0.04286
4.13909 1.54371 0.04399
4.14043 1.51625 0.04251
4.14177 1.49543 0.04144
4.14311 1.47155 0.04095
4.14444 1.52736 0.04277
4.14578 1.45314 0.04171
4.14712 1.43974 0.04169
4.14845 1.56465 0.04184
4.14979 1.48045 0.04341
4.15113 1.50314 0.04224
4.15246 1.42393 0.0434
4.15379 1.54489 0.04397
4.15511 1.53976 0.0408
4.15644 1.51217 0.04186
4.15778 1.46759 0.04398
4.15912 1.51201 0.04157
4.16045 1.47575 0.04138
4.16179 1.49495 0.0428
4.16313 1.47645 0.04476
4.16446 1.55553 0.0451
4.1658 1.4431 0.04199
4.16714 1.50637 0.04311
4.16847 1.51064 0.04124
4.16981 1.53265 0.04215
4.17115 1.5191 0.04153
4.17248 1.46338 0.0436
4.17382 1.48318 0.04187
4.17516 1.5187 0.04285
4.17649 1.52301 0.04315
4.17783 1.47445 0.04301
4.17917 1.5415 0.04204
4.1805 1.34619 0.04351
4.18184 1.47073 0.0427
4.18318 1.46479 0.04209
4.18451 1.42643 0.04348
4.18585 1.47164 0.04197
4.18718 1.53778 0.04219
4.18852 1.48632 0.04195
4.18986 1.50113 0.04342
4.19119 1.49418 0.04445
4.19253 1.49198 0.04219
4.19386 1.51604 0.04416
4.1952 1.45868 0.04173
4.19654 1.47218 0.04263
4.19787 1.4873 0.04321
4.19921 1.41221 0.04286
4.20054 1.46763 0.04243
4.20188 1.47648 0.04267
4.20322 1.48376 0.0434
4.20455 1.51186 0.04372
4.20589 1.51798 0.04534
4.20722 1.57621 0.04311
4.20856 1.59301 0.04404
4.2099 1.54298 0.04218
4.21123 1.57808 0.04306
4.21257 1.47573 0.04294
4.2139 1.42323 0.04483
4.21524 1.42645 0.04335
4.21657 1.5337 0.04305
4.21791 1.47 0.04364
4.21924 1.55443 0.04331
4.22058 1.50152 0.0439
4.22192 1.4683 0.04309
4.22325 1.53904 0.04298
4.22459 1.52655 0.04341
4.22592 1.47169 0.04234
4.22726 1.40886 0.04618
4.22859 1.43126 0.04349
4.22993 1.50449 0.04322
4.23126 1.44714 0.04352
4.2326 1.4935 0.04423
4.23393 1.52101 0.04446
4.23527 1.46294 0.04413
4.2366 1.45407 0.04469
4.23794 1.50198 0.04315
4.23927 1.48381 0.04425
4.24061 1.54467 0.04417
4.24194 1.49934 0.0431
4.24328 1.44277 0.04335
4.24461 1.43619 0.04623
4.24595 1.50098 0.04409
4.24728 1.50389 0.04393
4.24862 1.41192 0.04518
4.24995 1.53885 0.04378
4.25129 1.45345 0.04465
4.25262 1.48952 0.04561
4.25396 1.52365 0.04407
4.25529 1.40726 0.04553
4.25663 1.42871 0.0451
4.25795 1.48236 0.04374
4.25927 1.53029 0.04356
4.2606 1.53926 0.04497
4.26193 1.48528 0.04391
4.26327 1.48121 0.0449
4.2646 1.44529 0.0441
4.26594 1.48465 0.04582
4.26727 1.51155 0.04587
4.26861 1.49405 0.0462
4.26994 1.51919 0.04534
4.27128 1.55374 0.04494
4.27261 1.49219 0.04478
4.27394 1.58086 0.0452
4.27528 1.53474 0.04492
4.27661 1.50662 0.0444
4.27795 1.45419 0.04495
4.27928 1.42883 0.04358
4.28062 1.47817 0.04461
4.28193 1.50423 0.04549
4.28325 1.49511 0.04518
4.28459 1.50332 0.04451
4.28592 1.43193 0.0449
4.28725 1.49704 0.04508
4.28859 1.59702 0.0446
4.28992 1.53361 0.04506
4.29126 1.47981 0.04636
4.29259 1.42314 0.0457
4.29392 1.53966 0.04391
4.29526 1.54423 0.04529
4.29659 1.56375 0.04437
4.29793 1.50517 0.04476
4.29926 1.50022 0.04534
4.30059 1.54074 0.0451
4.30193 1.54022 0.0472
4.30326 1.57098 0.04529
4.30459 1.57851 0.04745
4.30593 1.50577 0.04645
4.30726 1.48064 0.04536
4.3086 1.5032 0.04901
4.30993 1.52606 0.04798
4.31126 1.54897 0.04675
4.3126 1.58251 0.04843
4.31393 1.49852 0.04689
4.31526 1.5568 0.04787
4.3166 1.52035 0.04725
4.31793 1.56215 0.04656
4.31926 1.49358 0.04572
4.3206 1.56583 0.04602
4.32193 1.47327 0.04749
4.32326 1.42969 0.04702
4.3246 1.46795 0.04709
4.32593 1.52746 0.04859
4.32726 1.49692 0.04751
4.32859 1.49992 0.04773
4.32993 1.4966 0.04656
4.33126 1.47072 0.04763
4.33259 1.48052 0.04693
4.33393 1.50728 0.04826
4.33526 1.52953 0.0475
4.33659 1.5298 0.04677
4.33793 1.57748 0.04789
4.33926 1.54063 0.04685
4.34059 1.49898 0.04769
4.34192 1.52827 0.04789
4.34326 1.4906 0.04882
4.34459 1.46515 0.04753
4.34592 1.571 0.04691
4.34725 1.53763 0.04648
4.34859 1.6029 0.04737
4.34992 1.56415 0.04753
4.35125 1.58196 0.04945
4.35259 1.54619 0.04885
4.35392 1.55963 0.04891
4.35525 1.57585 0.04778
4.35658 1.48685 0.04813
4.35792 1.54966 0.04863
4.35925 1.48808 0.04846
4.36058 1.58275 0.04855
4.36191 1.55534 0.05003
4.36323 1.48652 0.05206
4.36455 1.43998 0.04732
4.36588 1.52717 0.04835
4.36721 1.57434 0.04747
4.36854 1.5731 0.04839
4.36987 1.58204 0.0429
4.37121 1.52166 0.05071
4.37254 1.60756 0.04869
4.37387 1.54736 0.05104
4.3752 1.50839 0.0486
4.37653 1.56624 0.05013
4.37787 1.48739 0.04843
4.3792 1.53483 0.05067
4.38053 1.52356 0.04895
4.38185 1.53417 0.04998
4.38316 1.57094 0.04845
4.38449 1.52037 0.05245
4.38583 1.52614 0.04828
4.38716 1.60301 0.05027
4.38849 1.50642 0.04889
4.38982 1.56252 0.05186
4.39115 1.53218 0.05008
4.39248 1.635 0.04952
4.39382 1.52072 0.04908
4.39515 1.51266 0.04836
4.39648 1.49576 0.04996
4.39781 1.48992 0.04912
4.39914 1.47783 0.04943
4.40047 1.50717 0.04875
4.4018 1.53997 0.04945
4.40314 1.44952 0.0497
4.40447 1.54365 0.04938
4.4058 1.53392 0.05032
4.40713 1.56389 0.05161
4.40846 1.54891 0.04971
4.40979 1.55075 0.05093
4.41112 1.49522 0.04914
4.41245 1.47175 0.04914
4.41379 1.52786 0.05042
4.41512 1.54062 0.05272
4.41645 1.49634 0.05
4.41778 1.5964 0.05175
4.41911 1.58641 0.04989
4.42044 1.56107 0.05033
4.42177 1.52268 0.04881
4.4231 1.50857 0.04955
4.42443 1.50211 0.04975
4.42576 1.54514 0.05016
4.4271 1.53622 0.05266
4.42843 1.52182 0.05002
4.42976 1.58327 0.05128
4.43109 1.45793 0.05016
4.43242 1.60927 0.05012
4.43375 1.53369 0.05034
4.43508 1.56153 0.05206
4.43641 1.47565 0.05079
4.43774 1.50282 0.0511
4.43907 1.4987 0.05223
4.4404 1.55088 0.05025
4.44173 1.60318 0.05021
4.44306 1.66451 0.04918
4.44439 1.65989 0.05079
4.44572 1.54391 0.05178
4.44705 1.55146 0.05216
4.44838 1.51784 0.05398
4.44971 1.50567 0.05072
4.45104 1.57073 0.05084
4.45236 1.55113 0.04924
4.45367 1.47843 0.05321
4.455 1.5345 0.05175
4.45633 1.60923 0.05221
4.45766 1.59342 0.05115
4.45899 1.56762 0.0528
4.46032 1.51577 0.05051
4.46165 1.54571 0.0493
4.46298 1.52349 0.0524
4.46431 1.55799 0.05042
4.46564 1.63054 0.05388
4.46697 1.56205 0.05098
4.46829 1.59966 0.05063
4.4696 1.41367 0.05186
4.47093 1.50631 0.04965
4.47226 1.46994 0.05131
4.47359 1.55767 0.05126
4.47492 1.57713 0.05094
4.47625 1.56874 0.05074
4.47758 1.48555 0.04955
4.47891 1.47827 0.05251
4.48024 1.52163 0.05091
4.48157 1.53398 0.05271
4.4829 1.49232 0.05182
4.48423 1.52713 0.05173
4.48555 1.55534 0.05094
4.48688 1.60942 0.05174
4.48821 1.59579 0.05425
4.48954 1.54434 0.05063
4.49087 1.46638 0.05139
4.4922 1.58987 0.05488
4.49353 1.53421 0.05284
4.49486 1.59051 0.05257
4.49619 1.53342 0.05031
4.49752 1.45823 0.05101
4.49885 1.51145 0.05181
4.50018 1.4963 0.05397
4.5015 1.52278 0.05097
4.50283 1.46595 0.05273
4.50416 1.55757 0.05298
4.50549 1.59239 0.05323
4.50682 1.52428 0.05201
4.50815 1.52572 0.05261
4.50948 1.60598 0.05273
4.51081 1.56578 0.05339
4.51214 1.56528 0.05232
4.51346 1.59857 0.05311
4.51479 1.53017 0.05069
4.51612 1.52775 0.05348
4.51745 1.47956 0.0542
4.51878 1.59753 0.05558
4.52011 1.49736 0.05284
4.52144 1.52818 0.05164
4.52276 1.50161 0.05334
4.52409 1.5651 0.05352
4.52542 1.64814 0.05278
4.52675 1.45472 0.0612
4.52808 1.6165 0.05365
4.52941 1.56298 0.05401
4.53072 1.60644 0.05525
4.53203 1.50671 0.05126
4.53336 1.56285 0.05507
4.53469 1.59056 0.05337
4.53601 1.63256 0.0549
4.53734 1.62024 0.05359
4.53867 1.52937 0.05328
4.54 1.52303 0.05493
4.54133 1.55586 0.05309
4.54265 1.49043 0.05558
4.54397 1.57767 0.05496
4.54528 1.5646 0.05406
4.54661 1.49544 0.05348
4.54793 1.54353 0.05654
4.54926 1.45741 0.05475
4.55059 1.62007 0.05476
4.55192 1.63684 0.05458
4.55325 1.61947 0.0543
4.55457 1.41738 0.05395
4.5559 1.52515 0.05576
4.55723 1.49413 0.0539
4.55856 1.48946 0.054
4.55988 1.55026 0.05326
4.56121 1.5652 0.05574
4.56254 1.58019 0.05364
4.56387 1.58418 0.05383
4.56519 1.52376 0.05449
4.56652 1.50153 0.05454
4.56785 1.50535 0.05448
4.56917 1.56625 0.05635
4.5705 1.39955 0.05587
4.57183 1.57661 0.05557
4.57316 1.53108 0.06482
4.57448 1.59533 0.05624
4.57581 1.55464 0.05348
4.57714 1.53225 0.05725
4.57846 1.5951 0.05418
4.57979 1.61628 0.05501
4.58112 1.60542 0.05529
4.58245 1.54107 0.05433
4.58377 1.59624 0.05702
4.5851 1.57077 0.05593
4.58643 1.54178 0.05153
4.58775 1.6671 0.04917
4.58908 1.49088 0.05507
4.59041 1.70219 0.05712
4.59173 1.49552 0.05532
4.59306 1.57612 0.0577
4.59439 1.59355 0.0562
4.59571 1.55796 0.05484
4.59704 1.52046 0.05589
4.59837 1.58731 0.05661
4.59969 1.53611 0.05715
4.601 1.57078 0.05519
4.60231 1.55766 0.05448
4.60364 1.53555 0.05759
4.60497 1.52436 0.05735
4.60629 1.49357 0.05618
4.60762 1.5869 0.05669
4.60894 1.58487 0.05567
4.61027 1.43145 0.05832
4.6116 1.47644 0.0551
4.61291 1.62962 0.05662
4.61422 1.54607 0.05536
4.61554 1.4925 0.05591
4.61687 1.47526 0.05771
4.6182 1.5798 0.05701
4.61952 1.56443 0.05589
4.62085 1.52896 0.05749
4.62217 1.55533 0.05593
4.6235 1.60888 0.07766
4.62482 1.59896 0.05898
4.62615 1.54487 0.05518
4.62748 1.53421 0.05675
4.6288 1.49386 0.05688
4.63013 1.6622 0.05541
4.63145 1.64135 0.05889
4.63278 1.66109 0.0574
4.6341 1.432 0.05657
4.63543 1.49864 0.05795
4.63676 1.45629 0.05744
4.63808 1.51214 0.0557
4.63941 1.54152 0.05745
4.64073 1.61811 0.05628
4.64206 1.53939 0.06012
4.64338 1.56489 0.05762
4.64471 1.67095 0.05866
4.64603 1.34695 0.05785
4.64736 1.60322 0.05846
4.64868 1.47935 0.05758
4.65001 1.51713 0.05965
4.65133 1.6163 0.06152
4.65266 1.56309 0.06263
4.65398 1.58971 0.06239
4.65531 1.52046 0.05869
4.65663 1.46163 0.05927
4.65796 1.58204 0.05964
4.65928 1.4559 0.05801
4.66061 1.57532 0.05704
4.66193 1.48866 0.06167
4.66326 1.54545 0.05886
4.66457 1.59668 0.05938
4.66588 1.50906 0.05847
4.6672 1.47694 0.05866
4.66853 1.4498 0.05831
4.66985 1.59051 0.06026
4.67117 1.54189 0.06226
4.6725 1.58803 0.05753
4.67382 1.53073 0.05858
4.67515 1.63096 0.05755
4.67646 1.42773 0.05807
4.67776 1.53964 0.0594
4.67909 1.55249 0.06127
4.68041 1.62389 0.06125
4.68174 1.61163 0.06005
4.68306 1.50085 0.05866
4.68439 1.48416 0.0583
4.68571 1.50897 0.05807
4.68703 1.55253 0.05901
4.68836 1.52 0.06038
4.68968 1.6754 0.06377
4.69101 1.55493 0.05824
4.69233 1.44624 0.05913
4.69365 1.52876 0.06032
4.69498 1.55083 0.0581
4.6963 1.57418 0.05906
4.69763 1.66478 0.0682
4.69895 1.62275 0.05596
4.70027 1.5032 0.05835
4.7016 1.51892 0.05813
4.70292 1.51628 0.05887
4.70424 1.54285 0.05855
4.70557 1.55078 0.06144
4.70689 1.553 0.06366
4.70822 1.61239 0.06128
4.70954 1.41922 0.06116
4.71086 1.45623 0.06113
4.71219 1.56045 0.06031
4.71351 1.70952 0.0593
4.71483 1.4356 0.05895
4.71616 1.54716 0.06043
4.71748 1.63186 0.06138
4.7188 1.52371 0.06054
4.72013 1.52048 0.06078
4.72145 1.70401 0.06011
4.72277 1.3971 0.06055
4.72408 1.57586 0.05838
4.72539 1.60959 0.06048
4.72671 1.56766 0.05897
4.72803 1.36588 0.05979
4.72936 1.56606 0.0599
4.73068 1.52092 0.05987
4.732 1.53057 0.06048
4.73332 1.51658 0.05943
4.73463 1.59903 0.06026
4.73594 1.51545 0.06215
4.73726 1.53393 0.05845
4.73858 1.57475 0.0601
4.73991 1.56012 0.05949
4.74123 1.52855 0.05874
4.74255 1.60005 0.05634
4.74387 1.51743 0.06202
4.7452 1.49731 0.06096
4.74652 1.3938 0.05936
4.74784 1.5305 0.05947
4.74916 1.51488 0.06533
4.75049 1.48268 0.06103
4.75181 1.51635 0.06041
4.75313 1.59323 0.06029
4.75445 1.57288 0.06157
4.75577 1.51178 0.0604
4.7571 1.43784 0.06389
4.75842 1.59812 0.0604
4.75974 1.57264 0.06209
4.76106 1.50729 0.06176
4.76239 1.5471 0.06233
4.76371 1.68742 0.06233
4.76503 1.66092 0.06361
4.76635 1.50312 0.06135
4.76767 1.47314 0.06359
4.76899 1.52408 0.06223
4.77032 1.54563 0.0617
4.77164 1.61311 0.06138
4.77296 1.53436 0.06255
4.77428 1.42828 0.06142
4.7756 1.55808 0.06111
4.77693 1.59473 0.06177
4.77825 1.52806 0.06436
4.77955 1.66561 0.06356
4.78086 1.51886 0.06381
4.78218 1.61782 0.06226
4.7835 1.53965 0.05893
4.78482 1.58058 0.06134
4.78614 1.52375 0.06525
4.78746 1.51543 0.06219
4.78877 1.46888 0.06225
4.79007 1.52665 0.06539
4.7914 1.61182 0.06264
4.79272 1.53899 0.06213
4.79404 1.45111 0.06285
4.79536 1.59838 0.06414
4.79668 1.4388 0.0677
4.798 1.54746 0.06323
4.79932 1.58302 0.0621
4.80064 1.52396 0.06111
4.80196 1.49262 0.06342
4.80328 1.44243 0.06502
4.80461 1.57917 0.0619
4.80593 1.52696 0.06371
4.80725 1.46054 0.06474
4.80857 1.58072 0.06225
4.80989 1.578 0.06483
4.81121 1.46444 0.06326
4.81253 1.53596 0.06394
4.81385 1.60232 0.06296
4.81517 1.61531 0.0646
4.81649 1.56581 0.06511
4.81781 1.52135 0.06253
4.81913 1.57764 0.06469
4.82045 1.52045 0.06344
4.82177 1.56212 0.06297
4.82309 1.48852 0.06253
4.82441 1.68064 0.06479
4.82573 1.46951 0.06626
4.82705 1.52404 0.06461
4.82837 1.49931 0.0653
4.82969 1.43897 0.06405
4.83101 1.56414 0.06545
4.83232 1.54005 0.06277
4.83362 1.47929 0.0626
4.83494 1.48277 0.0659
4.83626 1.39877 0.06314
4.83758 1.42219 0.06778
4.8389 1.51627 0.06743
4.84022 1.41227 0.06498
4.84152 1.6064 0.06425
4.84283 1.41648 0.06478
4.84415 1.42051 0.06644
4.84547 1.46126 0.06546
4.84679 1.41748 0.06486
4.84811 1.48098 0.06549
4.84942 1.45101 0.06675
4.85074 1.53289 0.06336
4.85206 1.48772 0.06541
4.85338 1.71646 0.06557
4.8547 1.5663 0.06631
4.85602 1.51255 0.06784
4.85734 1.52128 0.06388
4.85866 1.49834 0.06476
4.85998 1.43179 0.06822
4.8613 1.45455 0.06342
4.86262 1.60091 0.06585
4.86394 1.54501 0.06479
4.86526 1.44838 0.06666
4.86657 1.46792 0.06452
4.86789 1.51748 0.06535
4.86921 1.49897 0.06579
4.87053 1.62056 0.06434
4.87185 1.65232 0.06731
4.87317 1.61444 0.06764
4.87449 1.56799 0.06797
4.87581 1.59351 0.06705
4.87712 1.50728 0.06376
4.87844 1.49554 0.06623
4.87976 1.62122 0.06657
4.88108 1.47944 0.06503
4.88238 1.43035 0.06561
4.88368 1.49596 0.06786
4.885 1.49831 0.06926
4.88632 1.51963 0.06548
4.88764 1.51501 0.06803
4.88896 1.61864 0.06762
4.89026 1.52341 0.06445
4.89156 1.47959 0.06595
4.89288 1.59429 0.06198
4.8942 1.44973 0.06253
4.89552 1.57023 0.06535
4.89683 1.61306 0.06478
4.89815 1.50541 0.06883
4.89947 1.49538 0.06489
4.90079 1.55916 0.06669
4.90211 1.5329 0.06943
4.90342 1.52717 0.06694
4.90474 1.55442 0.06688
4.90606 1.43576 0.06491
4.90738 1.46959 0.06651
4.90869 1.63165 0.06812
4.91001 1.53901 0.06567
4.91133 1.56143 0.06819
4.91265 1.52919 0.06977
4.91396 1.52196 0.06711
4.91528 1.51645 0.06703
4.9166 1.50576 0.0685
4.91792 1.47296 0.06668
4.91923 1.58556 0.06735
4.92055 1.5477 0.06696
4.92187 1.55172 0.06844
4.92319 1.61754 0.06555
4.9245 1.51776 0.06728
4.92582 1.56206 0.06946
4.92714 1.47441 0.0673
4.92844 1.4723 0.06729
4.92974 1.50822 0.06745
4.93106 1.65274 0.07095
4.93237 1.59788 0.06805
4.93369 1.65395 0.07239
4.93501 1.62884 0.06655
4.93631 1.55426 0.06709
4.93761 1.58919 0.07206
4.93892 1.52542 0.06631
4.94024 1.63143 0.06643
4.94156 1.47103 0.06987
4.94287 1.55893 0.06721
4.94419 1.4703 0.06725
4.94551 1.64624 0.06794
4.94682 1.43935 0.06871
4.94814 1.50794 0.06939
4.94946 1.60832 0.06858
4.95077 1.61426 0.06989
4.95209 1.62027 0.07204
4.9534 1.59279 0.06707
4.95472 1.58976 0.06767
4.95604 1.46958 0.06831
4.95735 1.51385 0.06875
4.95867 1.49833 0.0683
4.95999 1.45033 0.07033
4.9613 1.48762 0.06859
4.96262 1.49476 0.06888
4.96393 1.60287 0.06954
4.96525 1.54682 0.06972
4.96657 1.61892 0.07111
4.96788 1.59264 0.07055
4.9692 1.46893 0.06996
4.97051 1.51991 0.07178
4.97183 1.50863 0.07381
4.97314 1.52258 0.07093
4.97444 1.56709 0.07186
4.97574 1.59068 0.07188
4.97706 1.63689 0.06892
4.97837 1.43527 0.06993
4.97969 1.5902 0.07206
4.98099 1.59943 0.07
4.98229 1.51418 0.07042
4.9836 1.59454 0.06227
4.98492 1.40084 0.06985
4.98623 1.48439 0.07045
4.98755 1.44993 0.07154
4.98886 1.517 0.07082
4.99018 1.66983 0.0697
4.99149 1.61483 0.07065
4.99281 1.3993 0.06983
4.99412 1.44363 0.06961
4.99544 1.52327 0.07017
4.99675 1.56485 0.06925
4.99807 1.46343 0.06961
4.99938 1.61412 0.07236
5.0007 1.58259 0.07217
5.00201 1.48798 0.06967
5.00333 1.55366 0.07203
5.00464 1.57818 0.0712
5.00595 1.62349 0.07132
5.00727 1.51704 0.07245
5.00858 1.5797 0.071
5.0099 1.5692 0.06895
5.01121 1.52059 0.07171
5.01253 1.51678 0.07391
5.01384 1.47368 0.071
5.01515 1.60184 0.07194
5.01645 1.39986 0.07584
5.01775 1.44098 0.0713
5.01906 1.57343 0.07222
5.02038 1.62734 0.07516
5.02169 1.60746 0.07086
5.02299 1.53416 0.07104
5.02429 1.47128 0.0749
5.0256 1.46822 0.07418
5.02691 1.60359 0.07208
5.02823 1.49425 0.072
5.02954 1.60708 0.07107
5.03086 1.59829 0.06964
5.03217 1.4296 0.07411
5.03348 1.63676 0.07294
5.0348 1.63224 0.07177
5.03611 1.43071 0.07262
5.03742 1.5469 0.07096
5.03874 1.62414 0.07368
5.04005 1.51898 0.07373
5.04136 1.49778 0.07264
5.04268 1.59371 0.07714
5.04399 1.43194 0.07214
5.0453 1.49229 0.07221
5.04662 1.55389 0.07346
5.04793 1.47371 0.07109
5.04924 1.63573 0.07315
5.05056 1.39151 0.07378
5.05187 1.52684 0.07443
5.05318 1.59834 0.07096
5.05449 1.43878 0.07147
5.05581 1.5424 0.07053
5.05712 1.50685 0.07464
5.05842 1.594 0.07366
5.05971 1.60343 0.07353
5.06103 1.65689 0.07192
5.06234 1.61976 0.07355
5.06363 1.55862 0.07309
5.06493 1.56964 0.07528
5.06624 1.53939 0.07591
5.06756 1.5273 0.07214
5.06887 1.59141 0.07061
5.07018 1.32874 0.07054
5.07149 1.60915 0.07235
5.0728 1.51802 0.07012
5.07412 1.3891 0.07224
5.07543 1.52803 0.07229
5.07674 1.54239 0.06965
5.07805 1.5279 0.07123
5.07937 1.52823 0.07245
5.08068 1.44037 0.07258
5.08199 1.57118 0.07081
5.0833 1.61499 0.07558
5.08461 1.48919 0.07075
5.08592 1.499 0.0719
5.08724 1.57685 0.07191
5.08855 1.55924 0.0721
5.08986 1.45697 0.0718
5.09117 1.49421 0.0705
5.09248 1.51368 0.07209
5.09379 1.48663 0.07208
5.09511 1.45274 0.07192
5.09642 1.537 0.07204
5.09771 1.46003 0.0743
5.09901 1.53908 0.07169
5.10032 1.43824 0.07235
5.10163 1.55672 0.07253
5.10294 1.73539 0.07168
5.10425 1.48563 0.07297
5.10556 1.70926 0.07329
5.10687 1.47071 0.07187
5.10819 1.60621 0.07559
5.1095 1.52725 0.07301
5.11081 1.52872 0.0708
5.11212 1.59957 0.07693
5.11343 1.45976 0.07115
5.11474 1.4649 0.07154
5.11605 1.52469 0.07376
5.11736 1.52895 0.07439
5.11867 1.5503 0.07469
5.11998 1.51014 0.07713
5.12129 1.49319 0.07395
5.1226 1.57715 0.078
5.12391 1.37164 0.0765
5.12522 1.47499 0.07167
5.12653 1.65663 0.07495
5.12784 1.45889 0.07431
5.12915 1.45713 0.07645
5.13046 1.66926 0.08403
5.13177 1.4862 0.1649
5.13309 1.44493 0.07524
5.1344 1.46672 0.07716
5.13569 1.42804 0.07603
5.13698 1.35602 0.07406
5.13829 1.39214 0.07481
5.1396 1.54085 0.07613
5.14091 1.47757 0.07658
5.14222 1.57981 0.076
5.14353 1.56609 0.07411
5.14484 1.4706 0.07466
5.14615 1.524 0.07565
5.14746 1.4853 0.07467
5.14877 1.59508 0.07568
5.15008 1.57989 0.07461
5.15139 1.59432 0.07865
5.1527 1.44028 0.07617
5.15401 1.64652 0.07736
5.15532 1.51625 0.07658
5.15663 1.48067 0.07353
5.15794 1.52315 0.07364
5.15924 1.57657 0.07942
5.16055 1.49098 0.07542
5.16186 1.45888 0.07716
5.16317 1.53767 0.07847
5.16448 1.46235 0.07761
5.16579 1.57994 0.08203
5.1671 1.55061 0.08591
5.16841 1.49259 0.09408
5.16972 1.5718 0.09945
5.17102 1.51613 0.10694
