# wavelength[µm] (rp/rs)^2
1.258925411794167282e+01 1.659769329328229445e-02
1.254580400345803248e+01 1.661085361571866190e-02
1.250250385119064056e+01 1.660464492447102230e-02
1.245935314356514034e+01 1.662456254291370603e-02
1.241635136479347246e+01 1.672311296980324297e-02
1.237349800086776241e+01 1.654139344031543488e-02
1.233079253955416199e+01 1.663898189107092598e-02
1.228823447038672256e+01 1.659721064563799212e-02
1.224582328466133241e+01 1.662571217513232613e-02
1.220355847542957051e+01 1.657507853360207922e-02
1.216143953749268647e+01 1.664980765834166154e-02
1.211946596739555915e+01 1.658207699769175328e-02
1.207763726342066590e+01 1.659310218107238472e-02
1.203595292558212293e+01 1.656625961903893801e-02
1.199441245561965097e+01 1.655585638576308541e-02
1.195301535699265827e+01 1.655849587345809004e-02
1.191176113487429689e+01 1.658735464283593586e-02
1.187064929614553144e+01 1.650770978029716257e-02
1.182967934938930377e+01 1.656791769729078906e-02
1.178885080488457326e+01 1.658629625857172343e-02
1.174816317460051884e+01 1.661786273978518164e-02
1.170761597219068051e+01 1.653734998234153430e-02
1.166720871298719509e+01 1.653073125275025812e-02
1.162694091399492891e+01 1.651810149894880619e-02
1.158681209388574906e+01 1.655117018790389430e-02
1.154682177299276624e+01 1.662943178313887674e-02
1.150696947330458286e+01 1.651964185132990051e-02
1.146725471845963007e+01 1.652960808623876732e-02
1.142767703374039989e+01 1.647362458625401330e-02
1.138823594606782130e+01 1.654330459220871435e-02
1.134893098399558831e+01 1.651442987237822929e-02
1.130976167770452356e+01 1.654976834739076141e-02
1.127072755899699530e+01 1.651836348099521706e-02
1.123182816129126138e+01 1.652626510022931622e-02
1.119306301961593242e+01 1.657115904241945187e-02
1.115443167060441176e+01 1.652149909869326389e-02
1.111593365248933019e+01 1.653724875800492017e-02
1.107756850509708713e+01 1.649851422752471319e-02
1.103933576984227116e+01 1.655096324591961640e-02
1.100123498972222968e+01 1.654314021105749571e-02
1.096326570931159239e+01 1.647819865177013038e-02
1.092542747475681963e+01 1.649103067477544760e-02
1.088771983377081476e+01 1.653917448406330704e-02
1.085014233562746178e+01 1.643788746942012255e-02
1.081269453115626789e+01 1.638860042252374138e-02
1.077537597273700243e+01 1.648482198139418833e-02
1.073818621429431452e+01 1.649389408682071928e-02
1.070112481129246262e+01 1.645480820127374205e-02
1.066419132072992326e+01 1.644764206060482514e-02
1.062738530113414548e+01 1.651196647083550892e-02
1.059070631255626083e+01 1.648181492707273890e-02
1.055415391656581647e+01 1.649036953614222908e-02
1.051772767624557225e+01 1.642752984801461313e-02
1.048142715618621779e+01 1.646337100344284418e-02
1.044525192248121215e+01 1.648145908406255244e-02
1.040920154272158094e+01 1.649860763403845562e-02
1.037327558599074173e+01 1.645515093575532911e-02
1.033747362285939708e+01 1.644040856380875673e-02
1.030179522538033332e+01 1.646173600817065971e-02
1.026623996708334552e+01 1.642803502882646607e-02
1.023080742297014112e+01 1.648786300609471692e-02
1.019549716950923290e+01 1.639631882694734741e-02
1.016030878463093501e+01 1.641507835300648477e-02
1.012524184772224167e+01 1.646163704542217068e-02
1.009029593962184634e+01 1.649269732073345776e-02
1.005547064261512524e+01 1.644607446010326254e-02
1.002076554042912804e+01 1.642390527074179263e-02
9.986180218227644900e+00 1.646316397266961093e-02
9.951714262606182970e+00 1.642680163189938827e-02
9.917367261587070715e+00 1.643913409478083010e-02
9.883138804614533868e+00 1.651434950556043141e-02
9.849028482549758934e+00 1.642753714622316452e-02
9.815035887666034853e+00 1.641319565424284588e-02
9.781160613643852031e+00 1.644788792910712241e-02
9.747402255566061768e+00 1.643215919920105322e-02
9.713760409913039240e+00 1.647359088268211466e-02
9.680234674557841146e+00 1.646474841109562062e-02
9.646824648761421983e+00 1.651847962677828810e-02
9.613529933167834329e+00 1.653586940098279723e-02
9.580350129799432679e+00 1.648980170072480642e-02
9.547284842052169651e+00 1.640544040491801608e-02
9.514333674690796272e+00 1.649353389238874396e-02
9.481496233844181276e+00 1.647504000993907369e-02
9.448772127000580667e+00 1.656093366948957826e-02
9.416160963002946360e+00 1.654682347402940470e-02
9.383662352044270349e+00 1.651850835144694912e-02
9.351275905662896903e+00 1.652801086621799934e-02
9.319001236737900484e+00 1.653807680768668020e-02
9.286837959484453009e+00 1.655359652422511152e-02
9.254785689449198216e+00 1.656292379781992494e-02
9.222844043505689982e+00 1.654747133709310106e-02
9.191012639849768462e+00 1.657522293066877178e-02
9.159291097995042819e+00 1.657220931391489849e-02
9.127679038768299336e+00 1.655594614037233722e-02
9.096176084304994802e+00 1.658040534325961810e-02
9.064781858044746343e+00 1.657971498612279687e-02
9.033495984726799932e+00 1.659737490176903599e-02
9.002318090385584171e+00 1.660240120781990292e-02
8.971247802346201894e+00 1.662299340765755612e-02
8.940284749219994609e+00 1.664905192490484173e-02
8.909428560900121141e+00 1.664220811604202530e-02
8.878678868557084769e+00 1.663034949988182951e-02
8.848035304634381149e+00 1.661903438894831581e-02
8.817497502844057422e+00 1.673981336473386733e-02
8.787065098162369026e+00 1.667905430547092852e-02
8.756737726825392087e+00 1.673992059182340814e-02
8.726515026324683788e+00 1.670724271975490560e-02
8.696396635402964037e+00 1.667334031642657075e-02
8.666382194049765175e+00 1.668834265124524013e-02
8.636471343497165165e+00 1.669027805756058067e-02
8.606663726215465715e+00 1.669105803391581280e-02
8.576958985908939681e+00 1.672748833389647513e-02
8.547356767511573139e+00 1.674142287203173388e-02
8.517856717182802129e+00 1.668614083685596508e-02
8.488458482303309793e+00 1.676705529077915716e-02
8.459161711470787992e+00 1.674006912522693624e-02
8.429966054495741545e+00 1.675065517734178680e-02
8.400871162397324454e+00 1.674307262021344084e-02
8.371876687399131711e+00 1.678562911904333751e-02
8.342982282925079929e+00 1.679262115857213522e-02
8.314187603595231124e+00 1.676772103234048378e-02
8.285492305221684006e+00 1.674565531237156776e-02
8.256896044804463486e+00 1.678291390931511626e-02
8.228398480527399528e+00 1.676965597783391243e-02
8.199999271754068175e+00 1.685438440203614746e-02
8.171698079023695271e+00 1.682910797451980800e-02
8.143494564047109918e+00 1.677667939287347601e-02
8.115388389702715699e+00 1.677223756775432506e-02
8.087379220032422822e+00 1.679386919089249919e-02
8.059466720237676185e+00 1.678610386059474491e-02
8.031650556675423047e+00 1.678962257101788286e-02
8.003930396854130436e+00 1.677738845346436747e-02
7.976305909429829200e+00 1.684314540916427225e-02
7.948776764202120759e+00 1.678765852419041374e-02
7.921342632110269122e+00 1.681910168149894358e-02
7.894003185229232500e+00 1.690747538237629202e-02
7.866758096765756214e+00 1.688865624584686559e-02
7.839607041054484249e+00 1.683866640649581484e-02
7.812549693554031727e+00 1.688591900631235959e-02
7.785585730843143537e+00 1.687026671520434201e-02
7.758714830616794345e+00 1.690951003152102103e-02
7.731936671682356099e+00 1.687517085068647796e-02
7.705250933955759329e+00 1.678845517073353222e-02
7.678657298457648217e+00 1.680491712227680581e-02
7.652155447309600511e+00 1.675414809264160962e-02
7.625745063730291484e+00 1.680709239690450843e-02
7.599425832031728056e+00 1.683162874026220349e-02
7.573197437615480254e+00 1.678587052611085068e-02
7.547059566968902011e+00 1.679084716798491875e-02
7.521011907661403484e+00 1.678856672990627907e-02
7.495054148340698497e+00 1.678839927722669198e-02
7.469185978729090181e+00 1.683209550705699886e-02
7.443407089619775263e+00 1.681034844463798889e-02
7.417717172873121712e+00 1.682476762758495711e-02
7.392115921413014767e+00 1.679426675765005247e-02
7.366603029223158572e+00 1.687201447164667772e-02
7.341178191343431081e+00 1.689372403260676683e-02
7.315841103866254969e+00 1.682851258275766537e-02
7.290591463932927674e+00 1.683518755062657704e-02
7.265428969730042930e+00 1.686603342336678163e-02
7.240353320485847455e+00 1.683439678498376002e-02
7.215364216466663372e+00 1.683383652691749707e-02
7.190461358973314177e+00 1.679414774430114041e-02
7.165644450337529392e+00 1.684416927809154543e-02
7.140913193918412283e+00 1.683298115537701020e-02
7.116267294098872931e+00 1.685830987378040755e-02
7.091706456282104831e+00 1.683048646659838707e-02
7.067230386888073035e+00 1.677150962701457956e-02
7.042838793349978310e+00 1.678125475058097130e-02
7.018531384110795024e+00 1.683049796428789241e-02
6.994307868619749513e+00 1.670809998593332513e-02
6.970167957328873065e+00 1.672647639366420594e-02
6.946111361689538910e+00 1.675640456320392699e-02
6.922137794148990331e+00 1.673937514718636457e-02
6.898246968146942493e+00 1.671903157010979149e-02
6.874438598112114107e+00 1.676885689958326417e-02
6.850712399458843471e+00 1.671771993068284570e-02
6.827068088583684080e+00 1.682315728532767299e-02
6.803505382861994022e+00 1.677714602971706534e-02
6.780024000644588433e+00 1.677665537411789434e-02
6.756623661254345770e+00 1.676714100254732276e-02
6.733304084982861148e+00 1.667749671351234989e-02
6.710064993087120122e+00 1.669435239396635864e-02
6.686906107786135145e+00 1.679635494096577350e-02
6.663827152257657538e+00 1.679629788247645125e-02
6.640827850634843266e+00 1.679082256404789211e-02
6.617907928002964013e+00 1.672421921784872367e-02
6.595067110396134247e+00 1.679162006237048047e-02
6.572305124794010744e+00 1.669299699258666725e-02
6.549621699118555185e+00 1.667397827679330605e-02
6.527016562230762986e+00 1.668045530359196782e-02
6.504489443927432113e+00 1.660102878741541790e-02
6.482040074937929219e+00 1.670970549396423241e-02
6.459668186920968225e+00 1.656466510997738756e-02
6.437373512461418201e+00 1.653809842398229479e-02
6.415155785067081062e+00 1.654167832114760220e-02
6.393014739165535865e+00 1.646385954223128847e-02
6.370950110100936925e+00 1.645632574673348489e-02
6.348961634130863452e+00 1.647470407067257864e-02
6.327049048423177169e+00 1.644706568972046160e-02
6.305212091052854184e+00 1.645679373773922469e-02
6.283450500998885246e+00 1.642247826761504895e-02
6.261764018141126265e+00 1.649760272213498039e-02
6.240152383257207447e+00 1.645415694041589896e-02
6.218615338019437111e+00 1.646071167417568343e-02
6.197152624991693060e+00 1.644394400337770637e-02
6.175763987626375240e+00 1.650931100611557900e-02
6.154449170261309554e+00 1.649061759596345475e-02
6.133207918116708512e+00 1.644344582082042996e-02
6.112039977292130999e+00 1.655117966258435810e-02
6.090945094763426937e+00 1.647447515507267576e-02
6.069923018379737023e+00 1.646820430134288832e-02
6.048973496860457821e+00 1.654456965529289489e-02
6.028096279792245937e+00 1.653434284543981239e-02
6.007291117626036403e+00 1.641136054204354530e-02
5.986557761674037081e+00 1.653688615395480788e-02
5.965895964106779026e+00 1.652770831740097562e-02
5.945305477950135753e+00 1.653094264224349436e-02
5.924786057082378044e+00 1.646369081463676040e-02
5.904337456231241177e+00 1.654303961099000062e-02
5.883959430970973514e+00 1.654307172050609870e-02
5.863651737719436596e+00 1.651644126634370380e-02
5.843414133735176819e+00 1.657806663447383699e-02
5.823246377114526418e+00 1.657121485281899675e-02
5.803148226788726660e+00 1.654232744324548796e-02
5.783119442521022613e+00 1.658805808451313535e-02
5.763159784903816529e+00 1.657250234242415091e-02
5.743269015355783935e+00 1.650158328502020211e-02
5.723446896119032345e+00 1.656099004143406911e-02
5.703693190256267975e+00 1.649517606935134786e-02
5.684007661647940246e+00 1.659980295251927557e-02
5.664390074989447577e+00 1.653887657811637865e-02
5.644840195788300541e+00 1.653042170319880128e-02
5.625357790361329435e+00 1.655292048011756251e-02
5.605942625831898063e+00 1.656684592032031667e-02
5.586594470127103307e+00 1.658907868240810241e-02
5.567313091975020001e+00 1.655073726965435379e-02
5.548098260901918266e+00 1.658832689317341763e-02
5.528949747229518152e+00 1.658413093473175975e-02
5.509867322072252271e+00 1.661120865398441754e-02
5.490850757334507115e+00 1.652016979792855431e-02
5.471899825707924769e+00 1.657900996871634891e-02
5.453014300668661996e+00 1.654919504514777706e-02
5.434193956474691056e+00 1.652630083012672849e-02
5.415438568163111199e+00 1.661816684236251673e-02
5.396747911547441490e+00 1.655255222822596753e-02
5.378121763214958939e+00 1.647312931004453126e-02
5.359559900524012654e+00 1.654440477610161220e-02
5.341062101601369072e+00 1.652487919445501732e-02
5.322628145339569627e+00 1.650443404565851702e-02
5.304257811394263555e+00 1.650975571844967571e-02
5.285950880181605527e+00 1.656325942372444474e-02
5.267707132875600884e+00 1.645117629720330155e-02
5.249526351405506830e+00 1.653234081637717026e-02
5.231408318453228290e+00 1.651201036419615298e-02
5.213352817450705778e+00 1.647722200989002253e-02
5.195359632577344122e+00 1.648454361826837480e-02
5.177428548757416316e+00 1.641780351121142206e-02
5.159559351657501125e+00 1.641275316161805442e-02
5.141751827683926912e+00 1.648022757379777326e-02
5.124005763980201245e+00 1.650222438725343702e-02
5.106320948424489359e+00 1.645326853659584074e-02
5.088697169627057093e+00 1.647339721907512336e-02
5.071134216927753791e+00 1.645833382378632595e-02
5.053631880393502307e+00 1.644448784239908520e-02
5.036189950815769478e+00 1.643345688995832138e-02
5.018808219708088991e+00 1.647963936341349800e-02
5.001486479303549615e+00 1.641668636119047661e-02
4.984224522552318959e+00 1.643673234602915229e-02
4.967022143119177002e+00 1.638713330408160876e-02
4.949879135381031858e+00 1.644835069955012663e-02
4.932795294424482613e+00 1.642000809767477087e-02
4.915770416043351076e+00 1.636239542126828247e-02
4.898804296736249064e+00 1.646814213582804831e-02
4.881896733704154556e+00 1.638939622482443736e-02
4.865047524847968319e+00 1.637632096034795717e-02
4.848256468766119376e+00 1.638230213326357862e-02
4.831523364752136729e+00 1.645773452912434667e-02
4.814848012792269927e+00 1.642832170088862412e-02
4.798230213563083879e+00 1.638624517498266445e-02
4.781669768429078538e+00 1.644142715451453809e-02
4.765166479440327230e+00 1.640376742718618192e-02
4.748720149330090123e+00 1.642096701343355794e-02
4.732330581512477430e+00 1.643023931559154521e-02
4.715997580080079743e+00 1.643980869357367092e-02
4.699720949801637460e+00 1.646058537403007754e-02
4.683500496119711975e+00 1.647083243830715915e-02
4.667336025148345335e+00 1.648690360858613355e-02
4.651227343670758074e+00 1.649037627430001082e-02
4.635174259137026631e+00 1.653831876381998967e-02
4.619176579661787407e+00 1.654857772200525948e-02
4.603234114021949708e+00 1.654323530347559523e-02
4.587346671654395358e+00 1.651606780523518989e-02
4.571514062653718291e+00 1.659531243833781144e-02
4.555736097769936599e+00 1.655621501171099241e-02
4.540012588406241001e+00 1.660346961766114016e-02
4.524343346616745087e+00 1.660953793723832575e-02
4.508728185104224018e+00 1.663503911800967919e-02
4.493166917217891410e+00 1.662723596814836072e-02
4.477659356951154912e+00 1.671834800397736451e-02
4.462205318939400200e+00 1.662788906441260706e-02
4.446804618457779412e+00 1.669328471505683240e-02
4.431457071418988036e+00 1.670487102025874915e-02
4.416162494371083547e+00 1.668427026834551699e-02
4.400920704495277391e+00 1.670650594993700402e-02
4.385731519603754514e+00 1.666316623154543222e-02
4.370594758137503533e+00 1.668630395489784438e-02
4.355510239164130049e+00 1.665924352815937801e-02
4.340477782375712579e+00 1.671304607367899570e-02
4.325497208086632739e+00 1.663162975639347410e-02
4.310568337231430291e+00 1.669482996257157237e-02
4.295690991362675071e+00 1.667716144673133186e-02
4.280864992648813150e+00 1.663244372602271093e-02
4.266090163872060970e+00 1.660646208419197176e-02
4.251366328426272823e+00 1.656096713326311518e-02
4.236693310314834982e+00 1.652275951829438802e-02
4.222070934148567822e+00 1.644404879943521525e-02
4.207499025143618177e+00 1.634967065019811427e-02
4.192977409119380106e+00 1.627447669785551942e-02
4.178505912496405017e+00 1.624174088228723042e-02
4.164084362294330433e+00 1.620556894495383746e-02
4.149712586129816749e+00 1.616147664378006499e-02
4.135390412214476008e+00 1.615466923909717606e-02
4.121117669352831747e+00 1.615762266095235530e-02
4.106894186940259317e+00 1.617272930548750362e-02
4.092719794960954616e+00 1.618967316504676957e-02
4.078594323985903713e+00 1.620115757042813603e-02
4.064517605170847148e+00 1.614668847123172310e-02
4.050489470254278856e+00 1.613665663932624048e-02
4.036509751555414915e+00 1.614233497370386183e-02
4.022578281972201353e+00 1.614461874806271888e-02
4.008694894979320189e+00 1.613591445920019296e-02
3.994859424626184374e+00 1.613660138337004793e-02
3.981071705534972249e+00 1.616166280083776094e-02
3.967331572898633141e+00 1.614979474698824760e-02
3.953638862478929816e+00 1.615080536036538755e-02
3.939993410604472501e+00 1.614093639476272407e-02
3.926395054168756449e+00 1.614712690725205943e-02
3.912843630628221270e+00 1.616893051358313585e-02
3.899338978000302269e+00 1.616469409218734485e-02
3.885880934861495994e+00 1.620412408493342171e-02
3.872469340345429778e+00 1.619604051484621263e-02
3.859104034140941497e+00 1.621624791723155073e-02
3.845784856490157555e+00 1.623253176333586123e-02
3.832511648186592179e+00 1.625241443530220375e-02
3.819284250573234285e+00 1.625471644501853136e-02
3.806102505540659653e+00 1.627813535312648552e-02
3.792966255525137775e+00 1.629257358088954943e-02
3.779875343506744478e+00 1.630380103309205658e-02
3.766829613007490973e+00 1.633100349408157445e-02
3.753828908089452021e+00 1.634000339914428584e-02
3.740873073352900313e+00 1.636502254101415352e-02
3.727961953934450179e+00 1.639083812388857780e-02
3.715095395505203513e+00 1.639302521480049193e-02
3.702273244268911245e+00 1.643322564314409970e-02
3.689495346960128597e+00 1.644266306509192810e-02
3.676761550842388093e+00 1.645719048992704686e-02
3.664071703706370364e+00 1.648198452951460391e-02
3.651425653868084709e+00 1.649761625276423976e-02
3.638823250167060319e+00 1.651563333080512119e-02
3.626264341964533511e+00 1.652205214257464541e-02
3.613748779141651823e+00 1.653689944414618584e-02
3.601276412097677682e+00 1.655563781608655402e-02
3.588847091748198714e+00 1.657019438906670236e-02
3.576460669523348734e+00 1.658089063992286907e-02
3.564116997366029604e+00 1.659105167562732741e-02
3.551815927730143763e+00 1.660129529927495753e-02
3.539557313578828968e+00 1.659307878393013330e-02
3.527341008382697485e+00 1.659752047128182709e-02
3.515166866118092592e+00 1.659642899516369438e-02
3.503034741265336205e+00 1.659795054773520462e-02
3.490944488806991153e+00 1.660685158685014373e-02
3.478895964226131898e+00 1.661543085560986815e-02
3.466889023504608147e+00 1.659989016828533268e-02
3.454923523121333773e+00 1.662881713789057109e-02
3.442999320050563750e+00 1.664588022705482465e-02
3.431116271760187963e+00 1.665417820670304916e-02
3.419274236210027684e+00 1.664742974882125331e-02
3.407473071850133373e+00 1.663270599590349272e-02
3.395712637619098917e+00 1.664197629863298222e-02
3.383992792942372763e+00 1.667006117108150304e-02
3.372313397730576146e+00 1.672341734229414525e-02
3.360674312377830653e+00 1.680445152436335285e-02
3.349075397760089334e+00 1.686906752707878834e-02
3.337516515233470482e+00 1.687563136940177164e-02
3.325997526632606061e+00 1.683568273883915417e-02
3.314518294268986143e+00 1.674862813904275105e-02
3.303078680929314448e+00 1.667686371386644176e-02
3.291678549873867432e+00 1.663867825474549950e-02
3.280317764834859595e+00 1.665827474417132595e-02
3.268996190014816339e+00 1.664615459728946770e-02
3.257713690084949931e+00 1.666154995710215567e-02
3.246470130183541247e+00 1.666204747307587983e-02
3.235265375914329500e+00 1.671349704785174764e-02
3.224099293344901085e+00 1.669142961408318429e-02
3.212971749005095301e+00 1.670987261679832483e-02
3.201882609885404740e+00 1.675844643678290821e-02
3.190831743435386336e+00 1.674166097924506894e-02
3.179819017562078187e+00 1.675829864656461221e-02
3.168844300628416377e+00 1.674357131696552550e-02
3.157907461451666897e+00 1.677730416120102111e-02
3.147008369301856234e+00 1.676512132308994110e-02
3.136146893900205068e+00 1.676268900422935373e-02
3.125322905417576180e+00 1.674702269737955371e-02
3.114536274472918365e+00 1.675980001729553831e-02
3.103786872131721886e+00 1.672369114715982485e-02
3.093074569904478377e+00 1.677217855929595200e-02
3.082399239745142960e+00 1.669999937642656015e-02
3.071760754049604358e+00 1.672303356558507703e-02
3.061158985654159004e+00 1.670225089556183831e-02
3.050593807833992699e+00 1.670923530702470364e-02
3.040065094301664494e+00 1.666513633507505157e-02
3.029572719205598119e+00 1.668703074697290567e-02
3.019116557128576961e+00 1.663277259818750353e-02
3.008696483086243045e+00 1.670644951006141840e-02
2.998312372525607561e+00 1.656535636952643706e-02
2.987964101323558719e+00 1.668790551903295144e-02
2.977651545785378939e+00 1.658103463113893075e-02
2.967374582643266923e+00 1.660817501980841812e-02
2.957133089054861053e+00 1.656912971911038424e-02
2.946926942601776123e+00 1.662013345014717522e-02
2.936756021288137397e+00 1.660406126450686762e-02
2.926620203539121334e+00 1.659593321533365737e-02
2.916519368199505191e+00 1.655813232107462146e-02
2.906453394532213519e+00 1.667831245991595324e-02
2.896422162216882867e+00 1.655048500056292490e-02
2.886425551348417162e+00 1.658805566784097782e-02
2.876463442435556850e+00 1.649862987504447168e-02
2.866535716399450706e+00 1.653142281455941692e-02
2.856642254572232531e+00 1.659324057925145798e-02
2.846782938695599618e+00 1.659256945320439908e-02
2.836957650919405438e+00 1.659841787904599991e-02
2.827166273800245655e+00 1.657847586743605231e-02
2.817408690300056140e+00 1.664870800159266168e-02
2.807684783784714089e+00 1.656028735972310539e-02
2.797994438022642694e+00 1.654986648087152651e-02
2.788337537183423809e+00 1.653104357930730225e-02
2.778713965836412392e+00 1.655271907500628983e-02
2.769123608949356719e+00 1.662726991456753636e-02
2.759566351887023483e+00 1.655951507178691703e-02
2.750042080409825562e+00 1.658898749867741829e-02
2.740550680672460437e+00 1.662027127590280651e-02
2.731092039222547285e+00 1.652085704886249035e-02
2.721666042999270285e+00 1.657615415336894521e-02
2.712272579332028144e+00 1.653269297443849331e-02
2.702911535939085841e+00 1.653185684803154185e-02
2.693582800926234810e+00 1.654241776505295525e-02
2.684286262785454458e+00 1.652254912992548799e-02
2.675021810393577670e+00 1.644905615306207006e-02
2.665789333010966544e+00 1.640652212410286317e-02
2.656588720280182336e+00 1.642610571823413870e-02
2.647419862224673626e+00 1.647351348283315753e-02
2.638282649247456479e+00 1.647643680382904208e-02
2.629176972129806611e+00 1.645470557034151710e-02
2.620102722029954645e+00 1.649571820493064139e-02
2.611059790481780496e+00 1.645989908586182812e-02
2.602048069393523733e+00 1.647251389120918744e-02
2.593067451046486838e+00 1.650668909675532051e-02
2.584117828093748237e+00 1.643202234180373908e-02
2.575199093558881991e+00 1.657077267003084428e-02
2.566311140834673488e+00 1.652244615348344436e-02
2.557453863681850681e+00 1.650536987600868463e-02
2.548627156227812218e+00 1.645270330575581558e-02
2.539830912965361343e+00 1.649863903527650638e-02
2.531065028751445567e+00 1.647606675812509497e-02
2.522329398805897682e+00 1.647400291207016393e-02
2.513623918710186977e+00 1.652452801642138175e-02
2.504948484406169129e+00 1.650730542922808006e-02
2.496302992194841863e+00 1.644594232834397859e-02
2.487687338735106390e+00 1.644010361385072130e-02
2.479101421042532394e+00 1.650170661523184604e-02
2.470545136488123905e+00 1.643576255536989550e-02
2.462018382797097615e+00 1.642557176167893165e-02
2.453521058047657633e+00 1.638101413462201075e-02
2.445053060669776901e+00 1.638796061257922002e-02
2.436614289443983505e+00 1.634491558012224344e-02
2.428204643500150528e+00 1.636992213717667830e-02
2.419824022316292123e+00 1.633294803597102468e-02
2.411472325717358700e+00 1.637087752856195705e-02
2.403149453874043218e+00 1.630820778255728451e-02
2.394855307301584801e+00 1.634281992384161927e-02
2.386589786858580808e+00 1.633673344560865673e-02
2.378352793745801996e+00 1.632897268055191406e-02
2.370144229505012134e+00 1.629783093181856254e-02
2.361963996017789391e+00 1.631578185992343250e-02
2.353811995504354826e+00 1.632193718653057041e-02
2.345688130522402659e+00 1.632716893921349818e-02
2.337592303965936757e+00 1.631640336402209734e-02
2.329524419064110230e+00 1.631070738575333273e-02
2.321484379380064134e+00 1.628127392325744854e-02
2.313472088809783500e+00 1.626375033706717321e-02
2.305487451580938707e+00 1.625929985204314226e-02
2.297530372251747721e+00 1.629433321280022301e-02
2.289600755709833457e+00 1.626253148322989728e-02
2.281698507171085577e+00 1.626381070803005827e-02
2.273823532178528062e+00 1.623737009498411529e-02
2.265975736601190338e+00 1.623508737810338762e-02
2.258155026632982398e+00 1.622504406063673271e-02
2.250361308791574366e+00 1.622335882019629305e-02
2.242594489917276501e+00 1.621143864756938169e-02
2.234854477171928533e+00 1.620797467594463359e-02
2.227141178037786773e+00 1.620514653004529945e-02
2.219454500316421885e+00 1.621773822020600858e-02
2.211794352127613994e+00 1.621315706473099721e-02
2.204160641908255780e+00 1.621200812657731111e-02
2.196553278411258692e+00 1.618470447915924815e-02
2.188972170704458264e+00 1.616228040582035411e-02
2.181417228169532763e+00 1.615722990207483015e-02
2.173888360500916495e+00 1.614617859920776735e-02
2.166385477704721563e+00 1.614010534669904282e-02
2.158908490097661392e+00 1.613684644282741693e-02
2.151457308305980476e+00 1.614787887966695132e-02
2.144031843264382342e+00 1.613642247523152176e-02
2.136632006214969515e+00 1.612422604025802106e-02
2.129257708706179475e+00 1.616392093795896226e-02
2.121908862591728617e+00 1.612686296817788037e-02
2.114585380029558870e+00 1.614286863826254470e-02
2.107287173480786091e+00 1.614236753709641370e-02
2.100014155708655128e+00 1.615989504830237303e-02
2.092766239777497983e+00 1.617065374251460200e-02
2.085543339051691536e+00 1.619103853218232733e-02
2.078345367194625481e+00 1.615786387865765852e-02
2.071172238167667601e+00 1.619383876650622514e-02
2.064023866229136139e+00 1.622924423811028180e-02
2.056900165933276181e+00 1.622177175572539834e-02
2.049801052129237799e+00 1.619249921334854625e-02
2.042726439960056428e+00 1.624743255802384156e-02
2.035676244861639450e+00 1.624416278612166378e-02
2.028650382561757670e+00 1.622730146125209508e-02
2.021648769079035013e+00 1.620510307763144142e-02
2.014671320721946213e+00 1.623745691462768342e-02
2.007717954087816281e+00 1.630463648860052892e-02
2.000788586061821750e+00 1.628547369550416291e-02
1.993883133816000131e+00 1.623378334577482707e-02
1.987001514808258484e+00 1.619987391859273665e-02
1.980143646781386879e+00 1.628437832125111118e-02
1.973309447762074287e+00 1.621416534394989895e-02
1.966498836059930255e+00 1.622978709632942607e-02
1.959711730266506580e+00 1.619037298206759540e-02
1.952948049254327190e+00 1.624237933218340008e-02
1.946207712175915150e+00 1.625430466412374278e-02
1.939490638462828764e+00 1.621212119330662713e-02
1.932796747824695682e+00 1.622314916869909557e-02
1.926125960248256330e+00 1.620222975451036593e-02
1.919478195996406011e+00 1.622587590559778151e-02
1.912853375607242112e+00 1.620682945104896799e-02
1.906251419893113974e+00 1.616638884237949630e-02
1.899672249939674984e+00 1.623049879619455418e-02
1.893115787104942660e+00 1.622105618387516615e-02
1.886581953018356517e+00 1.630596051452880973e-02
1.880070669579839704e+00 1.630529246012290059e-02
1.873581858958870194e+00 1.627437096935830177e-02
1.867115443593545088e+00 1.628625984109213082e-02
1.860671346189656239e+00 1.635381686173118659e-02
1.854249489719767219e+00 1.628926679057798171e-02
1.847849797422290719e+00 1.626200229546199277e-02
1.841472192800571728e+00 1.628555592672739638e-02
1.835116599621973377e+00 1.627044128558630814e-02
1.828782941916964777e+00 1.613814502736545323e-02
1.822471143978214414e+00 1.624128969437633671e-02
1.816181130359683538e+00 1.617975399847026291e-02
1.809912825875726661e+00 1.624483395344163833e-02
1.803666155600190946e+00 1.623213398908259636e-02
1.797441044865519366e+00 1.622203117804781047e-02
1.791237419261862085e+00 1.616296393905487794e-02
1.785055204636183612e+00 1.616982527738694553e-02
1.778894327091378846e+00 1.618714105449811300e-02
1.772754712985387560e+00 1.614440321012335089e-02
1.766636288930314658e+00 1.609203248152919763e-02
1.760538981791555102e+00 1.608632792520648530e-02
1.754462718686916833e+00 1.606332068470891009e-02
1.748407426985751467e+00 1.603687069646569235e-02
1.742373034308085433e+00 1.602177924807033152e-02
1.736359468523754224e+00 1.600830409447767319e-02
1.730366657751541970e+00 1.602521760364097880e-02
1.724394530358320354e+00 1.601901642366086037e-02
1.718443014958193293e+00 1.598019979274447819e-02
1.712512040411644287e+00 1.596614522192665170e-02
1.706601535824683546e+00 1.593922429303893176e-02
1.700711430548004000e+00 1.593947020060760764e-02
1.694841654176134194e+00 1.593868874151551859e-02
1.688992136546598521e+00 1.592458624681433385e-02
1.683162807739077449e+00 1.592361924284645125e-02
1.677353598074570851e+00 1.592417745457548953e-02
1.671564438114567119e+00 1.593919579035960390e-02
1.665795258660213385e+00 1.593985193191193098e-02
1.660045990751485512e+00 1.592594585893901751e-02
1.654316565666367200e+00 1.593319022879506955e-02
1.648606914920025091e+00 1.593726371313233456e-02
1.642916970263993637e+00 1.594213657720343000e-02
1.637246663685356651e+00 1.595343262794926900e-02
1.631595927405935953e+00 1.595774830376172834e-02
1.625964693881481571e+00 1.597104583815437545e-02
1.620352895800860393e+00 1.597692791174282548e-02
1.614760466085257251e+00 1.599521435794119470e-02
1.609187337887370006e+00 1.599128888661891304e-02
1.603633444590610413e+00 1.599339631600863593e-02
1.598098719808308532e+00 1.597869620954420547e-02
1.592583097382920032e+00 1.598826340491174905e-02
1.587086511385232601e+00 1.600838355211197869e-02
1.581608896113581242e+00 1.600349807614370387e-02
1.576150186093060457e+00 1.599297592014697553e-02
1.570710316074743762e+00 1.601332246203718626e-02
1.565289221034901423e+00 1.603824122530584165e-02
1.559886836174224412e+00 1.605795604831498913e-02
1.554503096917050353e+00 1.605620490000769437e-02
1.549137938910590817e+00 1.608659833270709161e-02
1.543791298024162373e+00 1.608117994751443250e-02
1.538463110348420537e+00 1.607516261098463836e-02
1.533153312194593498e+00 1.610189944033220064e-02
1.527861840093724721e+00 1.609925242880632518e-02
1.522588630795911113e+00 1.610660937567069337e-02
1.517333621269548738e+00 1.610166703802263372e-02
1.512096748700578752e+00 1.612365036552639366e-02
1.506877950491735341e+00 1.609785420068955697e-02
1.501677164261799868e+00 1.619373483439904421e-02
1.496494327844854144e+00 1.617832287809298566e-02
1.491329379289536794e+00 1.613710839856039025e-02
1.486182256858303852e+00 1.616077356304533932e-02
1.481052899026688685e+00 1.617519445341743592e-02
1.475941244482569692e+00 1.620361262430264349e-02
1.470847232125435111e+00 1.619393865952513736e-02
1.465770801065653384e+00 1.616211783546587372e-02
1.460711890623745735e+00 1.614963519507060796e-02
1.455670440329659421e+00 1.623150553374010790e-02
1.450646389922046753e+00 1.621708177827237141e-02
1.445639679347544115e+00 1.621757532447039643e-02
1.440650248760053431e+00 1.616702050357358630e-02
1.435678038520027844e+00 1.623451775739844297e-02
1.430722989193757622e+00 1.622498670614847330e-02
1.425785041552661170e+00 1.622543153015568174e-02
1.420864136572576264e+00 1.624399914995811739e-02
1.415960215433054614e+00 1.620529484164961315e-02
1.411073219516658872e+00 1.619351476065612749e-02
1.406203090408260969e+00 1.621318269309707932e-02
1.401349769894345787e+00 1.620753820472603871e-02
1.396513199962314378e+00 1.620163264065967168e-02
1.391693322799789856e+00 1.617390010059552297e-02
1.386890080793927060e+00 1.614960237344479840e-02
1.382103416530724660e+00 1.614042354364175064e-02
1.377333272794336594e+00 1.615385102984536955e-02
1.372579592566390394e+00 1.618828450900675758e-02
1.367842319025305065e+00 1.621603306722067817e-02
1.363121395545610959e+00 1.620015492045123393e-02
1.358416765697274764e+00 1.615635158853510195e-02
1.353728373245021821e+00 1.614833550900814096e-02
1.349056162147667770e+00 1.612717880713006660e-02
1.344400076557446422e+00 1.616426390573495048e-02
1.339760060819342069e+00 1.610435943843467263e-02
1.335136059470425796e+00 1.608458672900487177e-02
1.330528017239190008e+00 1.590861450456034637e-02
1.325935879044890520e+00 1.580187834220896786e-02
1.321359589996886630e+00 1.576268191965549820e-02
1.316799095393985208e+00 1.573875305363851146e-02
1.312254340723786994e+00 1.573270208282155289e-02
1.307725271662034672e+00 1.571009898569367125e-02
1.303211834071963615e+00 1.569048489238504540e-02
1.298713974003655958e+00 1.567916296021595879e-02
1.294231637693393555e+00 1.565111704919384603e-02
1.289764771563017609e+00 1.566060361913891238e-02
1.285313322219285626e+00 1.565490380240492849e-02
1.280877236453235923e+00 1.565502135829991218e-02
1.276456461239549922e+00 1.564057628299033234e-02
1.272050943735919315e+00 1.566679283620232496e-02
1.267660631282413242e+00 1.566407913039437327e-02
1.263285471400849236e+00 1.566342127729178704e-02
1.258925411794167060e+00 1.564497355557661201e-02
1.254580400345802538e+00 1.563887983618481720e-02
1.250250385119064500e+00 1.564914721606628506e-02
1.245935314356514167e+00 1.565889846105586805e-02
1.241635136479347201e+00 1.567487422532698807e-02
1.237349800086775753e+00 1.570215944431874525e-02
1.233079253955415622e+00 1.570450795974757258e-02
1.228823447038672745e+00 1.570461475038295932e-02
1.224582328466133463e+00 1.571004733517228705e-02
1.220355847542956784e+00 1.570603214782828952e-02
1.216143953749267981e+00 1.574000181416402439e-02
1.211946596739555293e+00 1.574314782051132108e-02
1.207763726342066857e+00 1.573329744106102823e-02
1.203595292558212515e+00 1.577501893593410282e-02
1.199441245561964964e+00 1.575747628175513601e-02
1.195301535699265560e+00 1.579302778352874997e-02
1.191176113487429022e+00 1.579898414251476590e-02
1.187064929614553677e+00 1.579920243481622646e-02
1.182967934938930599e+00 1.578872061371712487e-02
1.178885080488457193e+00 1.583075515992513407e-02
1.174816317460051440e+00 1.588755656500690991e-02
1.170761597219068806e+00 1.582932751805826016e-02
1.166720871298720041e+00 1.582559439437398671e-02
1.162694091399492979e+00 1.582714974241532929e-02
1.158681209388574773e+00 1.583961367065047157e-02
1.154682177299276358e+00 1.583484813288335916e-02
1.150696947330458908e+00 1.580466198805616229e-02
1.146725471845963629e+00 1.579899690343626595e-02
1.142767703374040211e+00 1.585059671571152975e-02
1.138823594606781953e+00 1.577920025576942317e-02
1.134893098399558653e+00 1.587977760217852349e-02
1.130976167770452845e+00 1.579999030112425387e-02
1.127072755899699796e+00 1.572908684793678305e-02
1.123182816129126183e+00 1.575024934207834224e-02
1.119306301961593197e+00 1.576794923130334439e-02
1.115443167060440777e+00 1.573823932982730892e-02
1.111593365248933596e+00 1.578899102455278564e-02
1.107756850509709068e+00 1.571929990798493632e-02
1.103933576984227338e+00 1.567770137701108429e-02
1.100123498972222835e+00 1.570716730211203435e-02
1.096326570931159150e+00 1.566087760308165072e-02
1.092542747475682585e+00 1.564416150873632408e-02
1.088771983377081920e+00 1.556070602721144891e-02
1.085014233562746178e+00 1.550698730782382184e-02
1.081269453115626833e+00 1.548395835798379444e-02
1.077537597273700021e+00 1.548263600708124979e-02
1.073818621429432074e+00 1.548458348169833715e-02
1.070112481129246618e+00 1.547524874736519625e-02
1.066419132072992548e+00 1.547859173720454035e-02
1.062738530113414459e+00 1.547563415626340005e-02
1.059070631255625727e+00 1.550267023121221915e-02
1.055415391656582269e+00 1.548709561841274396e-02
1.051772767624557403e+00 1.549295548599447826e-02
1.048142715618621823e+00 1.549986469742618313e-02
1.044525192248120904e+00 1.550832699778431460e-02
1.040920154272157561e+00 1.551334879401929968e-02
1.037327558599074662e+00 1.551685655674120770e-02
1.033747362285940108e+00 1.553239906291231653e-02
1.030179522538033465e+00 1.553623022544688495e-02
1.026623996708334374e+00 1.556302865313677689e-02
1.023080742297013623e+00 1.559112116886642897e-02
1.019549716950923779e+00 1.557691907545554443e-02
1.016030878463093812e+00 1.556472013819779239e-02
1.012524184772224167e+00 1.556674898662741002e-02
1.009029593962184501e+00 1.557807475079130664e-02
1.005547064261512080e+00 1.560852598150641590e-02
1.002076554042913292e+00 1.558847760855763126e-02
9.986180218227644900e-01 1.561398572456419893e-02
9.951714262606181638e-01 1.561898212952863088e-02
9.917367261587071159e-01 1.562536734687708373e-02
9.883138804614532980e-01 1.562044817812578007e-02
9.849028482549762042e-01 1.567598620370284565e-02
9.815035887666034853e-01 1.566975800789078069e-02
9.781160613643850033e-01 1.565235668618823045e-02
9.747402255566062212e-01 1.564294294810449765e-02
9.713760409913038130e-01 1.566762388938931425e-02
9.680234674557843810e-01 1.564236835292662567e-02
9.646824648761423981e-01 1.564283580494259945e-02
9.613529933167831443e-01 1.562422328700751109e-02
9.580350129799434233e-01 1.563604967810370769e-02
9.547284842052168319e-01 1.561885288360647522e-02
9.514333674690795828e-01 1.562484952526129074e-02
9.481496233844181054e-01 1.562106328709021545e-02
9.448772127000578669e-01 1.561830141035062090e-02
9.416160963002947470e-01 1.565384411318594682e-02
9.383662352044269683e-01 1.563926116075851566e-02
9.351275905662896903e-01 1.567195269145535766e-02
9.319001236737901595e-01 1.567602116963373246e-02
9.286837959484450788e-01 1.571076252222482900e-02
9.254785689449199770e-01 1.553018648272921041e-02
9.222844043505689093e-01 1.546185666408901246e-02
9.191012639849770460e-01 1.550403357194556769e-02
9.159291097995042596e-01 1.548441260767434782e-02
9.127679038768297115e-01 1.546278385876324359e-02
9.096176084304995468e-01 1.543834373421298922e-02
9.064781858044744789e-01 1.545131570671985817e-02
9.033495984726801487e-01 1.545068268500331826e-02
9.002318090385583726e-01 1.547817018150658350e-02
8.971247802346199451e-01 1.547085593995661985e-02
8.940284749219998828e-01 1.548457793185445755e-02
8.909428560900120031e-01 1.547664468991814812e-02
8.878678868557084991e-01 1.544556715849426144e-02
8.848035304634381815e-01 1.543067308093899401e-02
8.817497502844059420e-01 1.543124929928119289e-02
8.787065098162369914e-01 1.542926177171883954e-02
8.756737726825390977e-01 1.543457154402146612e-02
8.726515026324686009e-01 1.543615173217936093e-02
8.696396635402963149e-01 1.544121021665953268e-02
8.666382194049767618e-01 1.544575368988278935e-02
8.636471343497165165e-01 1.544558764791146774e-02
8.606663726215465493e-01 1.544826277259293834e-02
8.576958985908940125e-01 1.544596748849461250e-02
8.547356767511573583e-01 1.545732483575901553e-02
8.517856717182803461e-01 1.545843525749198387e-02
8.488458482303309349e-01 1.546842227113013127e-02
8.459161711470787326e-01 1.547618777206411465e-02
8.429966054495742211e-01 1.547356364830688308e-02
8.400871162397323122e-01 1.546637678404247200e-02
8.371876687399134598e-01 1.547796831994764817e-02
8.342982282925079929e-01 1.546821110783010156e-02
8.314187603595231124e-01 1.547017698540873593e-02
8.285492305221686671e-01 1.546737062945616539e-02
8.256896044804463708e-01 1.546734045301188971e-02
8.228398480527401304e-01 1.547582195659976366e-02
8.199999271754067065e-01 1.547115274781902736e-02
8.171698079023693717e-01 1.547680315407635662e-02
8.143494564047111250e-01 1.547648188869627656e-02
8.115388389702714589e-01 1.549380161756499889e-02
8.087379220032424598e-01 1.546872914042269481e-02
8.059466720237676851e-01 1.545793810985280486e-02
8.031650556675422603e-01 1.545277877427408617e-02
8.003930396854131990e-01 1.545371697798878646e-02
7.976305909429827201e-01 1.545609559741873557e-02
7.948776764202123424e-01 1.545519482558757075e-02
7.921342632110268678e-01 1.546036806107397091e-02
7.894003185229230279e-01 1.546287634941150013e-02
7.866758096765755770e-01 1.546310089986639713e-02
7.839607041054481584e-01 1.546570428433696395e-02
7.812549693554032837e-01 1.546664657489607402e-02
7.785585730843143093e-01 1.547024205580117828e-02
7.758714830616794123e-01 1.547096482290803883e-02
7.731936671682356765e-01 1.547426436843477894e-02
7.705250933955758441e-01 1.547408426912175346e-02
7.678657298457650660e-01 1.547829232861850680e-02
7.652155447309600955e-01 1.548336551821097654e-02
7.625745063730290374e-01 1.548630150016348794e-02
7.599425832031728723e-01 1.548946522343117548e-02
7.573197437615479810e-01 1.549545526822993131e-02
7.547059566968904454e-01 1.549791356449315566e-02
7.521011907661403484e-01 1.550519654107492332e-02
7.495054148340697386e-01 1.550827553824986500e-02
7.469185978729090403e-01 1.550655242292729198e-02
7.443407089619774597e-01 1.550656695263188251e-02
7.417717172873123932e-01 1.550835948149555804e-02
7.392115921413013879e-01 1.550891639387852634e-02
7.366603029223155463e-01 1.551707174304961349e-02
7.341178191343432635e-01 1.551512261700788153e-02
7.315841103866254080e-01 1.552286163570198128e-02
7.290591463932929450e-01 1.551892700117454837e-02
7.265428969730043374e-01 1.552415874799677881e-02
7.240353320485846123e-01 1.552638613744839260e-02
7.215364216466665370e-01 1.553227675722290008e-02
7.190461358973314621e-01 1.553031781247849602e-02
7.165644450337531612e-01 1.555392400142958410e-02
7.140913193918412283e-01 1.552188332257363468e-02
7.116267294098871377e-01 1.552391355275199898e-02
7.091706456282106386e-01 1.552670983069017255e-02
7.067230386888071481e-01 1.552728362780757612e-02
7.042838793349980309e-01 1.552985868451975220e-02
7.018531384110794358e-01 1.552992537969371915e-02
6.994307868619747959e-01 1.553171229539672404e-02
6.970167957328873287e-01 1.553503176099672693e-02
6.946111361689536468e-01 1.553960012025644433e-02
6.922137794148991441e-01 1.554426306473558929e-02
6.898246968146941605e-01 1.554026532696189955e-02
6.874438598112112553e-01 1.554272788323519255e-02
6.850712399458843693e-01 1.554516568169607253e-02
6.827068088583683192e-01 1.554756903259855993e-02
6.803505382861995132e-01 1.555011901763098288e-02
6.780024000644588877e-01 1.555262175427675995e-02
6.756623661254343993e-01 1.555512131344180538e-02
6.733304084982861815e-01 1.555779936520263092e-02
6.710064993087119234e-01 1.555999117257705205e-02
6.686906107786136921e-01 1.556267125505696181e-02
6.663827152257657538e-01 1.556501567039516101e-02
6.640827850634841711e-01 1.556776810200112028e-02
6.617907928002964013e-01 1.557055369837127140e-02
6.595067110396133359e-01 1.557337278933788177e-02
6.572305124794011189e-01 1.557566535190143577e-02
6.549621699118556295e-01 1.557812607300294167e-02
6.527016562230764096e-01 1.558084540480303079e-02
6.504489443927432557e-01 1.558294284972597081e-02
6.482040074937928109e-01 1.558659375181555180e-02
6.459668186920969335e-01 1.558879722704551579e-02
6.437373512461417313e-01 1.558998814226495756e-02
6.415155785067082617e-01 1.559212553556229598e-02
6.393014739165535643e-01 1.559486407790666197e-02
6.370950110100935815e-01 1.559738100566922074e-02
6.348961634130865228e-01 1.559990875807251189e-02
6.327049048423176725e-01 1.560259796088445637e-02
6.305212091052856405e-01 1.560499175180924195e-02
6.283450500998885024e-01 1.560775241586706726e-02
6.261764018141126042e-01 1.561056205343716759e-02
6.240152383257208113e-01 1.561292643459494082e-02
6.218615338019436445e-01 1.561566994174157057e-02
6.197152624991695280e-01 1.561812919548977684e-02
6.175763987626374796e-01 1.562092640314769430e-02
6.154449170261309110e-01 1.562337198004654440e-02
6.133207918116708735e-01 1.562595372747726044e-02
6.112039977292130777e-01 1.562868218324010502e-02
6.090945094763428047e-01 1.563134138857917577e-02
6.069923018379737023e-01 1.563415869045864035e-02
6.048973496860456933e-01 1.563647359134097761e-02
6.028096279792246603e-01 1.563914647292065710e-02
6.007291117626035737e-01 1.564244828972310986e-02
5.986557761674037303e-01 1.564494508702583137e-02
5.965895964106779914e-01 1.564761776013279954e-02
5.945305477950134643e-01 1.565038568513301559e-02
5.924786057082378488e-01 1.565270201727257324e-02
5.904337456231240067e-01 1.565610534065817183e-02
5.883959430970974180e-01 1.565837654496434264e-02
5.863651737719436374e-01 1.566007824019375119e-02
5.843414133735175264e-01 1.566241502637760047e-02
5.823246377114527084e-01 1.566513633171279229e-02
5.803148226788725772e-01 1.566788893998590643e-02
5.783119442521024167e-01 1.567036615331049779e-02
5.763159784903816307e-01 1.567303805073412548e-02
5.743269015355783047e-01 1.567570099342412843e-02
5.723446896119033234e-01 1.567842376957641684e-02
5.703693190256267087e-01 1.568104535979530575e-02
5.684007661647941800e-01 1.568385494314379972e-02
5.664390074989447132e-01 1.568636547644544979e-02
5.644840195788299875e-01 1.568904399767944574e-02
5.625357790361328325e-01 1.569174118841440424e-02
5.605942625831897841e-01 1.569445018021856098e-02
5.586594470127105305e-01 1.569715935045664160e-02
5.567313091975020223e-01 1.569986413661934518e-02
5.548098260901916934e-01 1.570257116384212240e-02
5.528949747229519041e-01 1.570527095738549414e-02
5.509867322072251605e-01 1.570799831553800624e-02
5.490850757334508891e-01 1.571070071278867983e-02
5.471899825707925435e-01 1.571345818781837503e-02
5.453014300668660441e-01 1.571613898533181716e-02
5.434193956474691056e-01 1.571886397406675046e-02
5.415438568163110089e-01 1.572160848687526036e-02
5.396747911547442600e-01 1.572427451760022299e-02
5.378121763214959161e-01 1.572700129247769571e-02
5.359559900524011322e-01 1.572970728273510518e-02
5.341062101601370404e-01 1.573242221093299614e-02
5.322628145339568517e-01 1.573516751159391783e-02
5.304257811394265110e-01 1.573791566475685189e-02
5.285950880181605749e-01 1.574065562751311015e-02
5.267707132875599774e-01 1.574336804124839423e-02
5.249526351405507940e-01 1.574609532338349868e-02
5.231408318453227846e-01 1.574885307705059176e-02
5.213352817450707111e-01 1.575158289418511146e-02
5.195359632577344344e-01 1.575434996068979937e-02
5.177428548757415649e-01 1.575711366352717385e-02
5.159559351657502235e-01 1.575986504643263342e-02
5.141751827683925802e-01 1.576262328303937657e-02
5.124005763980202799e-01 1.576539101177399857e-02
5.106320948424488693e-01 1.576815546282403502e-02
5.088697169627055539e-01 1.577087828803788380e-02
5.071134216927754013e-01 1.577367272920374500e-02
5.053631880393500975e-01 1.577644439026987602e-02
5.036189950815770366e-01 1.577925609612190055e-02
5.018808219708089657e-01 1.578194000678469211e-02
5.001486479303548505e-01 1.578467119613280456e-02
4.984224522552318515e-01 1.578745067241784164e-02
4.967022143119175781e-01 1.579020348513450814e-02
4.949879135381033413e-01 1.579297861256988289e-02
4.932795294424482391e-01 1.579575371913373091e-02
4.915770416043349633e-01 1.579853066215786486e-02
4.898804296736248842e-01 1.580130886974427662e-02
4.881896733704154112e-01 1.580409115349264496e-02
4.865047524847969651e-01 1.580687413777562625e-02
4.848256468766120042e-01 1.580966312835983129e-02
4.831523364752138838e-01 1.581244606199786948e-02
4.814848012792270482e-01 1.581523848606530488e-02
4.798230213563082769e-01 1.581802956218679099e-02
4.781669768429078760e-01 1.582082497441409871e-02
4.765166479440327563e-01 1.582362058615548184e-02
4.748720149330091789e-01 1.582641383743819616e-02
4.732330581512477208e-01 1.582921599284382516e-02
4.715997580080079077e-01 1.583201089975605838e-02
4.699720949801637904e-01 1.583481434838310623e-02
4.683500496119712420e-01 1.583761685453420956e-02
4.667336025148346446e-01 1.584041898418546424e-02
4.651227343670757963e-01 1.584322372137966090e-02
4.635174259137026520e-01 1.584603179629603259e-02
4.619176579661788407e-01 1.584884067030975854e-02
4.603234114021949597e-01 1.585165205825594947e-02
4.587346671654396468e-01 1.585446731806424564e-02
4.571514062653718180e-01 1.585728351546246417e-02
4.555736097769935711e-01 1.586010472464154109e-02
4.540012588406241445e-01 1.586292234656737354e-02
4.524343346616745420e-01 1.586574434438750222e-02
4.508728185104224906e-01 1.586856625095266551e-02
4.493166917217891188e-01 1.587139475082004203e-02
4.477659356951154690e-01 1.587421916788683135e-02
4.462205318939401755e-01 1.587704735174137044e-02
4.446804618457779190e-01 1.587987691970214887e-02
4.431457071418988813e-01 1.588271145774551238e-02
4.416162494371083658e-01 1.588553876429581874e-02
4.400920704495276947e-01 1.588837142923524987e-02
4.385731519603754958e-01 1.589120666803521889e-02
4.370594758137503200e-01 1.589404368103748688e-02
4.355510239164130937e-01 1.589688316915691818e-02
4.340477782375712357e-01 1.589972484238368067e-02
4.325497208086632184e-01 1.590256838946086868e-02
4.310568337231431291e-01 1.590541400608788680e-02
4.295690991362674516e-01 1.590826108335381683e-02
4.280864992648814038e-01 1.591111029446022965e-02
4.266090163872061081e-01 1.591396109901945660e-02
4.251366328426271490e-01 1.591681416240572217e-02
4.236693310314834648e-01 1.591966803541584527e-02
4.222070934148567933e-01 1.592252406015014221e-02
4.207499025143618954e-01 1.592538131896852407e-02
4.192977409119379995e-01 1.592824065502205025e-02
4.178505912496404684e-01 1.593110139247982254e-02
4.164084362294330766e-01 1.593396410925001019e-02
4.149712586129816194e-01 1.593682877813747470e-02
4.135390412214476896e-01 1.593969516948350387e-02
4.121117669352831747e-01 1.594256351370900229e-02
4.106894186940258651e-01 1.594543374195969698e-02
4.092719794960955060e-01 1.594830566615198716e-02
4.078594323985902936e-01 1.595117944000863652e-02
4.064517605170848702e-01 1.595405533384539054e-02
4.050489470254278745e-01 1.595693270446522233e-02
4.036509751555413805e-01 1.595981172359398764e-02
4.022578281972201686e-01 1.596269308396398162e-02
4.008694894979319412e-01 1.596557608367204367e-02
3.994859424626185374e-01 1.596846070014826605e-02
3.981071705534972027e-01 1.597134720546429520e-02
