# wavelength[µm] (rp/rs)^2 error
1.00000000e+01 3.85626856e-04 3.85626856e-09
9.96496085e+00 3.85621276e-04 3.85621276e-09
9.93004448e+00 3.85600870e-04 3.85600870e-09
9.89525045e+00 3.84947563e-04 3.84947563e-09
9.86057833e+00 3.84418375e-04 3.84418375e-09
9.82602770e+00 3.84974278e-04 3.84974278e-09
9.79159814e+00 3.84527976e-04 3.84527976e-09
9.75728921e+00 3.84941146e-04 3.84941146e-09
9.72310050e+00 3.85586320e-04 3.85586320e-09
9.68903159e+00 3.85206205e-04 3.85206205e-09
9.65508204e+00 3.85361165e-04 3.85361165e-09
9.62125146e+00 3.85308063e-04 3.85308063e-09
9.58753941e+00 3.85339863e-04 3.85339863e-09
9.55394549e+00 3.85740237e-04 3.85740237e-09
9.52046928e+00 3.85667809e-04 3.85667809e-09
9.48711036e+00 3.86121975e-04 3.86121975e-09
9.45386834e+00 3.86106813e-04 3.86106813e-09
9.42074279e+00 3.86066378e-04 3.86066378e-09
9.38773331e+00 3.86458603e-04 3.86458603e-09
9.35483949e+00 3.86479420e-04 3.86479420e-09
9.32206093e+00 3.86468105e-04 3.86468105e-09
9.28939722e+00 3.86740435e-04 3.86740435e-09
9.25684796e+00 3.86827245e-04 3.86827245e-09
9.22441275e+00 3.87520966e-04 3.87520966e-09
9.19209120e+00 3.86668132e-04 3.86668132e-09
9.15988289e+00 3.86879713e-04 3.86879713e-09
9.12778744e+00 3.86607136e-04 3.86607136e-09
9.09580445e+00 3.86175573e-04 3.86175573e-09
9.06393353e+00 3.84412835e-04 3.84412835e-09
9.03217428e+00 3.84649896e-04 3.84649896e-09
9.00052631e+00 3.80554012e-04 3.80554012e-09
8.96898923e+00 3.76995489e-04 3.76995489e-09
8.93756265e+00 3.73663117e-04 3.73663117e-09
8.90624619e+00 3.69395472e-04 3.69395472e-09
8.87503947e+00 3.61439337e-04 3.61439337e-09
8.84394208e+00 3.60620981e-04 3.60620981e-09
8.81295366e+00 3.64549119e-04 3.64549119e-09
8.78207382e+00 3.62755880e-04 3.62755880e-09
8.75130218e+00 3.65476278e-04 3.65476278e-09
8.72063837e+00 3.62947068e-04 3.62947068e-09
8.69008199e+00 3.60619454e-04 3.60619454e-09
8.65963268e+00 3.60704288e-04 3.60704288e-09
8.62929007e+00 3.62120107e-04 3.62120107e-09
8.59905377e+00 3.60366007e-04 3.60366007e-09
8.56892342e+00 3.61432849e-04 3.61432849e-09
8.53889864e+00 3.61786824e-04 3.61786824e-09
8.50897907e+00 3.62891283e-04 3.62891283e-09
8.47916433e+00 3.64484148e-04 3.64484148e-09
8.44945406e+00 3.64289484e-04 3.64289484e-09
8.41984789e+00 3.62345533e-04 3.62345533e-09
8.39034546e+00 3.65906660e-04 3.65906660e-09
8.36094640e+00 3.63827011e-04 3.63827011e-09
8.33165036e+00 3.66860494e-04 3.66860494e-09
8.30245696e+00 3.62750688e-04 3.62750688e-09
8.27336586e+00 3.64188726e-04 3.64188726e-09
8.24437669e+00 3.63162667e-04 3.63162667e-09
8.21548910e+00 3.65287919e-04 3.65287919e-09
8.18670272e+00 3.64640236e-04 3.64640236e-09
8.15801721e+00 3.63833272e-04 3.63833272e-09
8.12943222e+00 3.63315448e-04 3.63315448e-09
8.10094738e+00 3.64525635e-04 3.64525635e-09
8.07256235e+00 3.65138198e-04 3.65138198e-09
8.04427678e+00 3.64376172e-04 3.64376172e-09
8.01609032e+00 3.61341230e-04 3.61341230e-09
7.98800262e+00 3.65448441e-04 3.65448441e-09
7.96001334e+00 3.63595382e-04 3.63595382e-09
7.93212213e+00 3.61877185e-04 3.61877185e-09
7.90432865e+00 3.65192661e-04 3.65192661e-09
7.87663255e+00 3.65230216e-04 3.65230216e-09
7.84903350e+00 3.62184746e-04 3.62184746e-09
7.82153116e+00 3.62239645e-04 3.62239645e-09
7.79412518e+00 3.63817721e-04 3.63817721e-09
7.76681523e+00 3.63921470e-04 3.63921470e-09
7.73960097e+00 3.64377075e-04 3.64377075e-09
7.71248206e+00 3.61396700e-04 3.61396700e-09
7.68545818e+00 3.63937734e-04 3.63937734e-09
7.65852899e+00 3.64513420e-04 3.64513420e-09
7.63169416e+00 3.64362129e-04 3.64362129e-09
7.60495335e+00 3.66785221e-04 3.66785221e-09
7.57830624e+00 3.62789477e-04 3.62789477e-09
7.55175250e+00 3.59257679e-04 3.59257679e-09
7.52529180e+00 3.63451587e-04 3.63451587e-09
7.49892382e+00 3.62453429e-04 3.62453429e-09
7.47264823e+00 3.60592664e-04 3.60592664e-09
7.44646471e+00 3.61989903e-04 3.61989903e-09
7.42037293e+00 3.63671429e-04 3.63671429e-09
7.39437257e+00 3.59346936e-04 3.59346936e-09
7.36846332e+00 3.64613105e-04 3.64613105e-09
7.34264485e+00 3.65219059e-04 3.65219059e-09
7.31691685e+00 3.62243117e-04 3.62243117e-09
7.29127900e+00 3.63364267e-04 3.63364267e-09
7.26573098e+00 3.64597786e-04 3.64597786e-09
7.24027247e+00 3.62899391e-04 3.62899391e-09
7.21490318e+00 3.62224804e-04 3.62224804e-09
7.18962277e+00 3.62577486e-04 3.62577486e-09
7.16443094e+00 3.64759246e-04 3.64759246e-09
7.13932739e+00 3.63342255e-04 3.63342255e-09
7.11431179e+00 3.65194826e-04 3.65194826e-09
7.08938385e+00 3.66672553e-04 3.66672553e-09
7.06454325e+00 3.63372603e-04 3.63372603e-09
7.03978969e+00 3.63407648e-04 3.63407648e-09
7.01512287e+00 3.68507668e-04 3.68507668e-09
6.99054248e+00 3.63048051e-04 3.63048051e-09
6.96604821e+00 3.65086573e-04 3.65086573e-09
6.94163977e+00 3.65922716e-04 3.65922716e-09
6.91731685e+00 3.66485712e-04 3.66485712e-09
6.89307916e+00 3.65727126e-04 3.65727126e-09
6.86892640e+00 3.66373271e-04 3.66373271e-09
6.84485827e+00 3.66091224e-04 3.66091224e-09
6.82087447e+00 3.69914234e-04 3.69914234e-09
6.79697470e+00 3.66753916e-04 3.66753916e-09
6.77315868e+00 3.68213749e-04 3.68213749e-09
6.74942611e+00 3.65366279e-04 3.65366279e-09
6.72577670e+00 3.64526531e-04 3.64526531e-09
6.70221015e+00 3.63840730e-04 3.63840730e-09
6.67872617e+00 3.68398258e-04 3.68398258e-09
6.65532449e+00 3.65335272e-04 3.65335272e-09
6.63200480e+00 3.69008589e-04 3.69008589e-09
6.60876682e+00 3.66028359e-04 3.66028359e-09
6.58561026e+00 3.65060362e-04 3.65060362e-09
6.56253484e+00 3.64928595e-04 3.64928595e-09
6.53954028e+00 3.62248999e-04 3.62248999e-09
6.51662629e+00 3.60626964e-04 3.60626964e-09
6.49379258e+00 3.61207623e-04 3.61207623e-09
6.47103889e+00 3.62586826e-04 3.62586826e-09
6.44836492e+00 3.56483950e-04 3.56483950e-09
6.42577039e+00 3.57596089e-04 3.57596089e-09
6.40325504e+00 3.52966660e-04 3.52966660e-09
6.38081858e+00 3.56875095e-04 3.56875095e-09
6.35846074e+00 3.52641069e-04 3.52641069e-09
6.33618123e+00 3.53611152e-04 3.53611152e-09
6.31397979e+00 3.53661096e-04 3.53661096e-09
6.29185614e+00 3.53214825e-04 3.53214825e-09
6.26981002e+00 3.54612227e-04 3.54612227e-09
6.24784113e+00 3.55062312e-04 3.55062312e-09
6.22594923e+00 3.54280034e-04 3.54280034e-09
6.20413404e+00 3.53182548e-04 3.53182548e-09
6.18239528e+00 3.56486278e-04 3.56486278e-09
6.16073269e+00 3.55973475e-04 3.55973475e-09
6.13914601e+00 3.54807205e-04 3.54807205e-09
6.11763496e+00 3.57587819e-04 3.57587819e-09
6.09619929e+00 3.56928244e-04 3.56928244e-09
6.07483873e+00 3.55972362e-04 3.55972362e-09
6.05355301e+00 3.57302205e-04 3.57302205e-09
6.03234188e+00 3.60242998e-04 3.60242998e-09
6.01120506e+00 3.55402259e-04 3.55402259e-09
5.99014231e+00 3.59730700e-04 3.59730700e-09
5.96915336e+00 3.61273073e-04 3.61273073e-09
5.94823796e+00 3.60164655e-04 3.60164655e-09
5.92739584e+00 3.58353688e-04 3.58353688e-09
5.90662675e+00 3.62493338e-04 3.62493338e-09
5.88593043e+00 3.60454636e-04 3.60454636e-09
5.86530663e+00 3.62193173e-04 3.62193173e-09
5.84475510e+00 3.63086440e-04 3.63086440e-09
5.82427557e+00 3.64561003e-04 3.64561003e-09
5.80386781e+00 3.63204772e-04 3.63204772e-09
5.78353155e+00 3.66503119e-04 3.66503119e-09
5.76326654e+00 3.65073007e-04 3.65073007e-09
5.74307255e+00 3.64109992e-04 3.64109992e-09
5.72294931e+00 3.66208465e-04 3.66208465e-09
5.70289658e+00 3.65214485e-04 3.65214485e-09
5.68291412e+00 3.67420646e-04 3.67420646e-09
5.66300167e+00 3.66900908e-04 3.66900908e-09
5.64315900e+00 3.67488127e-04 3.67488127e-09
5.62338585e+00 3.70131271e-04 3.70131271e-09
5.60368198e+00 3.68117059e-04 3.68117059e-09
5.58404716e+00 3.68043203e-04 3.68043203e-09
5.56448113e+00 3.69440033e-04 3.69440033e-09
5.54498366e+00 3.69620226e-04 3.69620226e-09
5.52555451e+00 3.69760480e-04 3.69760480e-09
5.50619344e+00 3.70562430e-04 3.70562430e-09
5.48690021e+00 3.68870172e-04 3.68870172e-09
5.46767458e+00 3.70154246e-04 3.70154246e-09
5.44851631e+00 3.69708217e-04 3.69708217e-09
5.42942517e+00 3.70540760e-04 3.70540760e-09
5.41040093e+00 3.71103190e-04 3.71103190e-09
5.39144335e+00 3.70116337e-04 3.70116337e-09
5.37255219e+00 3.68737661e-04 3.68737661e-09
5.35372722e+00 3.70554574e-04 3.70554574e-09
5.33496822e+00 3.70099610e-04 3.70099610e-09
5.31627494e+00 3.71952443e-04 3.71952443e-09
5.29764717e+00 3.70379235e-04 3.70379235e-09
5.27908466e+00 3.70993736e-04 3.70993736e-09
5.26058720e+00 3.70481922e-04 3.70481922e-09
5.24215455e+00 3.71924357e-04 3.71924357e-09
5.22378649e+00 3.72179280e-04 3.72179280e-09
5.20548278e+00 3.73385496e-04 3.73385496e-09
5.18724321e+00 3.72281351e-04 3.72281351e-09
5.16906756e+00 3.74132129e-04 3.74132129e-09
5.15095558e+00 3.74622541e-04 3.74622541e-09
5.13290707e+00 3.74914992e-04 3.74914992e-09
5.11492180e+00 3.77426924e-04 3.77426924e-09
5.09699955e+00 3.79012240e-04 3.79012240e-09
5.07914010e+00 3.82610720e-04 3.82610720e-09
5.06134323e+00 3.84763522e-04 3.84763522e-09
5.04360871e+00 3.86307171e-04 3.86307171e-09
5.02593633e+00 3.87801917e-04 3.87801917e-09
5.00832588e+00 3.88680025e-04 3.88680025e-09
4.99077713e+00 3.89324417e-04 3.89324417e-09
4.97328988e+00 3.89808258e-04 3.89808258e-09
4.95586389e+00 3.90272568e-04 3.90272568e-09
4.93849897e+00 3.90444740e-04 3.90444740e-09
4.92119489e+00 3.90659339e-04 3.90659339e-09
4.90395144e+00 3.90781974e-04 3.90781974e-09
4.88676841e+00 3.90840181e-04 3.90840181e-09
4.86964559e+00 3.90884634e-04 3.90884634e-09
4.85258277e+00 3.90899648e-04 3.90899648e-09
4.83557973e+00 3.90905621e-04 3.90905621e-09
4.81863627e+00 3.90908522e-04 3.90908522e-09
4.80175218e+00 3.90909070e-04 3.90909070e-09
4.78492725e+00 3.90909451e-04 3.90909451e-09
4.76816127e+00 3.90909504e-04 3.90909504e-09
4.75145404e+00 3.90909531e-04 3.90909531e-09
4.73480535e+00 3.90909531e-04 3.90909531e-09
4.71821499e+00 3.90909531e-04 3.90909531e-09
4.70168277e+00 3.90909531e-04 3.90909531e-09
4.68520847e+00 3.90909531e-04 3.90909531e-09
4.66879190e+00 3.90909531e-04 3.90909531e-09
4.65243285e+00 3.90909531e-04 3.90909531e-09
4.63613112e+00 3.90909531e-04 3.90909531e-09
4.61988651e+00 3.90909531e-04 3.90909531e-09
4.60369882e+00 3.90909531e-04 3.90909531e-09
4.58756786e+00 3.90909531e-04 3.90909531e-09
4.57149341e+00 3.90909531e-04 3.90909531e-09
4.55547528e+00 3.90909531e-04 3.90909531e-09
4.53951329e+00 3.90909531e-04 3.90909531e-09
4.52360722e+00 3.90909531e-04 3.90909531e-09
4.50775688e+00 3.90909531e-04 3.90909531e-09
4.49196209e+00 3.90909531e-04 3.90909531e-09
4.47622264e+00 3.90909531e-04 3.90909531e-09
4.46053833e+00 3.90909531e-04 3.90909531e-09
4.44490899e+00 3.90909531e-04 3.90909531e-09
4.42933440e+00 3.90909531e-04 3.90909531e-09
4.41381439e+00 3.90909531e-04 3.90909531e-09
4.39834876e+00 3.90909531e-04 3.90909531e-09
4.38293732e+00 3.90909531e-04 3.90909531e-09
4.36757988e+00 3.90909531e-04 3.90909531e-09
4.35227625e+00 3.90909531e-04 3.90909531e-09
4.33702625e+00 3.90909531e-04 3.90909531e-09
4.32182968e+00 3.90909531e-04 3.90909531e-09
4.30668636e+00 3.90909531e-04 3.90909531e-09
4.29159609e+00 3.90909530e-04 3.90909530e-09
4.27655871e+00 3.90876246e-04 3.90876246e-09
4.26157401e+00 3.90723369e-04 3.90723369e-09
4.24664182e+00 3.90327965e-04 3.90327965e-09
4.23176194e+00 3.86704448e-04 3.86704448e-09
4.21693421e+00 3.85379952e-04 3.85379952e-09
4.20215843e+00 3.80218973e-04 3.80218973e-09
4.18743443e+00 3.72415343e-04 3.72415343e-09
4.17276201e+00 3.66952372e-04 3.66952372e-09
4.15814101e+00 3.63085461e-04 3.63085461e-09
4.14357124e+00 3.61410877e-04 3.61410877e-09
4.12905252e+00 3.61586928e-04 3.61586928e-09
4.11458467e+00 3.59298680e-04 3.59298680e-09
4.10016751e+00 3.58104655e-04 3.58104655e-09
4.08580088e+00 3.57188958e-04 3.57188958e-09
4.07148458e+00 3.55830751e-04 3.55830751e-09
4.05721844e+00 3.55139444e-04 3.55139444e-09
4.04300229e+00 3.53231872e-04 3.53231872e-09
4.02883596e+00 3.50868376e-04 3.50868376e-09
4.01471926e+00 3.49259206e-04 3.49259206e-09
4.00065202e+00 3.48039170e-04 3.48039170e-09
3.98663408e+00 3.46752839e-04 3.46752839e-09
3.97266525e+00 3.46482358e-04 3.46482358e-09
3.95874537e+00 3.43995227e-04 3.43995227e-09
3.94487427e+00 3.44214267e-04 3.44214267e-09
3.93105176e+00 3.42123455e-04 3.42123455e-09
3.91727769e+00 3.42005275e-04 3.42005275e-09
3.90355188e+00 3.39988695e-04 3.39988695e-09
3.88987417e+00 3.40318475e-04 3.40318475e-09
3.87624438e+00 3.39784372e-04 3.39784372e-09
3.86266235e+00 3.38935227e-04 3.38935227e-09
3.84912791e+00 3.39490036e-04 3.39490036e-09
3.83564090e+00 3.39065586e-04 3.39065586e-09
3.82220114e+00 3.39103441e-04 3.39103441e-09
3.80880847e+00 3.38001491e-04 3.38001491e-09
3.79546273e+00 3.38257042e-04 3.38257042e-09
3.78216375e+00 3.38189678e-04 3.38189678e-09
3.76891137e+00 3.40105770e-04 3.40105770e-09
3.75570543e+00 3.37973746e-04 3.37973746e-09
3.74254575e+00 3.39276363e-04 3.39276363e-09
3.72943219e+00 3.39925884e-04 3.39925884e-09
3.71636458e+00 3.39338940e-04 3.39338940e-09
3.70334275e+00 3.41332247e-04 3.41332247e-09
3.69036656e+00 3.41300074e-04 3.41300074e-09
3.67743583e+00 3.41835618e-04 3.41835618e-09
3.66455040e+00 3.42253395e-04 3.42253395e-09
3.65171013e+00 3.42463022e-04 3.42463022e-09
3.63891485e+00 3.43840721e-04 3.43840721e-09
3.62616440e+00 3.43135807e-04 3.43135807e-09
3.61345863e+00 3.44523676e-04 3.44523676e-09
3.60079738e+00 3.44619257e-04 3.44619257e-09
3.58818049e+00 3.43447581e-04 3.43447581e-09
3.57560781e+00 3.43782629e-04 3.43782629e-09
3.56307919e+00 3.44879233e-04 3.44879233e-09
3.55059446e+00 3.46208783e-04 3.46208783e-09
3.53815348e+00 3.45154100e-04 3.45154100e-09
3.52575609e+00 3.47193068e-04 3.47193068e-09
3.51340214e+00 3.46420839e-04 3.46420839e-09
3.50109148e+00 3.47603468e-04 3.47603468e-09
3.48882395e+00 3.48096993e-04 3.48096993e-09
3.47659941e+00 3.48848865e-04 3.48848865e-09
3.46441770e+00 3.48854354e-04 3.48854354e-09
3.45227868e+00 3.49529566e-04 3.49529566e-09
3.44018219e+00 3.50323682e-04 3.50323682e-09
3.42812808e+00 3.50541826e-04 3.50541826e-09
3.41611621e+00 3.51466718e-04 3.51466718e-09
3.40414643e+00 3.51141126e-04 3.51141126e-09
3.39221859e+00 3.51829339e-04 3.51829339e-09
3.38033255e+00 3.52444542e-04 3.52444542e-09
3.36848815e+00 3.52339921e-04 3.52339921e-09
3.35668526e+00 3.53810228e-04 3.53810228e-09
3.34492372e+00 3.55171194e-04 3.55171194e-09
3.33320339e+00 3.54004894e-04 3.54004894e-09
3.32152413e+00 3.55632955e-04 3.55632955e-09
3.30988579e+00 3.57004432e-04 3.57004432e-09
3.29828823e+00 3.56352379e-04 3.56352379e-09
3.28673131e+00 3.55499769e-04 3.55499769e-09
3.27521488e+00 3.57630040e-04 3.57630040e-09
3.26373881e+00 3.56992011e-04 3.56992011e-09
3.25230295e+00 3.58671470e-04 3.58671470e-09
3.24090715e+00 3.62220295e-04 3.62220295e-09
3.22955129e+00 3.63465762e-04 3.63465762e-09
3.21823522e+00 3.66197392e-04 3.66197392e-09
3.20695880e+00 3.69139797e-04 3.69139797e-09
3.19572188e+00 3.71400117e-04 3.71400117e-09
3.18452435e+00 3.73215957e-04 3.73215957e-09
3.17336604e+00 3.74782677e-04 3.74782677e-09
3.16224684e+00 3.76130870e-04 3.76130870e-09
3.15116660e+00 3.77852495e-04 3.77852495e-09
3.14012518e+00 3.78950786e-04 3.78950786e-09
3.12912245e+00 3.80504457e-04 3.80504457e-09
3.11815827e+00 3.81820789e-04 3.81820789e-09
3.10723251e+00 3.82878396e-04 3.82878396e-09
3.09634503e+00 3.83950550e-04 3.83950550e-09
3.08549570e+00 3.84744043e-04 3.84744043e-09
3.07468438e+00 3.85550017e-04 3.85550017e-09
3.06391095e+00 3.86328558e-04 3.86328558e-09
3.05317527e+00 3.87070356e-04 3.87070356e-09
3.04247720e+00 3.87535508e-04 3.87535508e-09
3.03181662e+00 3.88072178e-04 3.88072178e-09
3.02119339e+00 3.88631040e-04 3.88631040e-09
3.01060739e+00 3.89096473e-04 3.89096473e-09
3.00005848e+00 3.89362239e-04 3.89362239e-09
2.98954653e+00 3.89605760e-04 3.89605760e-09
2.97907141e+00 3.89915702e-04 3.89915702e-09
2.96863300e+00 3.90120273e-04 3.90120273e-09
2.95823116e+00 3.90154888e-04 3.90154888e-09
2.94786577e+00 3.90432401e-04 3.90432401e-09
2.93753670e+00 3.90484757e-04 3.90484757e-09
2.92724382e+00 3.90505010e-04 3.90505010e-09
2.91698701e+00 3.90619147e-04 3.90619147e-09
2.90676613e+00 3.90666405e-04 3.90666405e-09
2.89658107e+00 3.90607246e-04 3.90607246e-09
2.88643170e+00 3.90607682e-04 3.90607682e-09
2.87631789e+00 3.90668909e-04 3.90668909e-09
2.86623952e+00 3.90732118e-04 3.90732118e-09
2.85619646e+00 3.90696650e-04 3.90696650e-09
2.84618859e+00 3.90764568e-04 3.90764568e-09
2.83621578e+00 3.90725344e-04 3.90725344e-09
2.82627793e+00 3.90790468e-04 3.90790468e-09
2.81637489e+00 3.90778110e-04 3.90778110e-09
2.80650655e+00 3.90758705e-04 3.90758705e-09
2.79667279e+00 3.90787707e-04 3.90787707e-09
2.78687349e+00 3.90837308e-04 3.90837308e-09
2.77710852e+00 3.90846718e-04 3.90846718e-09
2.76737777e+00 3.90868410e-04 3.90868410e-09
2.75768111e+00 3.90885361e-04 3.90885361e-09
2.74801843e+00 3.90839403e-04 3.90839403e-09
2.73838961e+00 3.90865079e-04 3.90865079e-09
2.72879453e+00 3.90817673e-04 3.90817673e-09
2.71923306e+00 3.90833356e-04 3.90833356e-09
2.70970510e+00 3.90813686e-04 3.90813686e-09
2.70021052e+00 3.90710192e-04 3.90710192e-09
2.69074922e+00 3.90778723e-04 3.90778723e-09
2.68132106e+00 3.90472734e-04 3.90472734e-09
2.67192594e+00 3.89890968e-04 3.89890968e-09
2.66256374e+00 3.89235006e-04 3.89235006e-09
2.65323434e+00 3.86979831e-04 3.86979831e-09
2.64393763e+00 3.77112282e-04 3.77112282e-09
2.63467350e+00 3.71957642e-04 3.71957642e-09
2.62544183e+00 3.69836293e-04 3.69836293e-09
2.61624251e+00 3.71248091e-04 3.71248091e-09
2.60707541e+00 3.69176742e-04 3.69176742e-09
2.59794044e+00 3.69599628e-04 3.69599628e-09
2.58883748e+00 3.67930610e-04 3.67930610e-09
2.57976642e+00 3.68487996e-04 3.68487996e-09
2.57072713e+00 3.65921899e-04 3.65921899e-09
2.56171953e+00 3.65761603e-04 3.65761603e-09
2.55274348e+00 3.63168189e-04 3.63168189e-09
2.54379888e+00 3.61494069e-04 3.61494069e-09
2.53488563e+00 3.61075127e-04 3.61075127e-09
2.52600360e+00 3.62510680e-04 3.62510680e-09
2.51715270e+00 3.59739436e-04 3.59739436e-09
2.50833281e+00 3.60095859e-04 3.60095859e-09
2.49954383e+00 3.57519526e-04 3.57519526e-09
2.49078564e+00 3.57974722e-04 3.57974722e-09
2.48205814e+00 3.57721112e-04 3.57721112e-09
2.47336122e+00 3.56129788e-04 3.56129788e-09
2.46469477e+00 3.53730878e-04 3.53730878e-09
2.45605869e+00 3.53816754e-04 3.53816754e-09
2.44745287e+00 3.51857843e-04 3.51857843e-09
2.43887720e+00 3.48860608e-04 3.48860608e-09
2.43033159e+00 3.51225574e-04 3.51225574e-09
2.42181591e+00 3.47809993e-04 3.47809993e-09
2.41333007e+00 3.50909215e-04 3.50909215e-09
2.40487397e+00 3.45813776e-04 3.45813776e-09
2.39644750e+00 3.48536542e-04 3.48536542e-09
2.38805055e+00 3.49367265e-04 3.49367265e-09
2.37968302e+00 3.47557685e-04 3.47557685e-09
2.37134482e+00 3.46094046e-04 3.46094046e-09
2.36303583e+00 3.49234301e-04 3.49234301e-09
2.35475595e+00 3.53580146e-04 3.53580146e-09
2.34650509e+00 3.49445661e-04 3.49445661e-09
2.33828313e+00 3.50711854e-04 3.50711854e-09
2.33008999e+00 3.52945375e-04 3.52945375e-09
2.32192555e+00 3.53534901e-04 3.53534901e-09
2.31378972e+00 3.52933217e-04 3.52933217e-09
2.30568240e+00 3.54557433e-04 3.54557433e-09
2.29760348e+00 3.57748632e-04 3.57748632e-09
2.28955288e+00 3.56643505e-04 3.56643505e-09
2.28153048e+00 3.57726319e-04 3.57726319e-09
2.27353619e+00 3.58907098e-04 3.58907098e-09
2.26556991e+00 3.60222154e-04 3.60222154e-09
2.25763155e+00 3.61284435e-04 3.61284435e-09
2.24972100e+00 3.62232823e-04 3.62232823e-09
2.24183817e+00 3.63377039e-04 3.63377039e-09
2.23398296e+00 3.64624858e-04 3.64624858e-09
2.22615527e+00 3.65717666e-04 3.65717666e-09
2.21835501e+00 3.67146626e-04 3.67146626e-09
2.21058209e+00 3.67895499e-04 3.67895499e-09
2.20283639e+00 3.68674523e-04 3.68674523e-09
2.19511784e+00 3.69623124e-04 3.69623124e-09
2.18742634e+00 3.70480859e-04 3.70480859e-09
2.17976178e+00 3.71839821e-04 3.71839821e-09
2.17212408e+00 3.72551387e-04 3.72551387e-09
2.16451314e+00 3.72510116e-04 3.72510116e-09
2.15692887e+00 3.73525508e-04 3.73525508e-09
2.14937118e+00 3.73941789e-04 3.73941789e-09
2.14183996e+00 3.74751130e-04 3.74751130e-09
2.13433514e+00 3.75827505e-04 3.75827505e-09
2.12685661e+00 3.76235855e-04 3.76235855e-09
2.11940429e+00 3.77037297e-04 3.77037297e-09
2.11197807e+00 3.77245016e-04 3.77245016e-09
2.10457788e+00 3.77892734e-04 3.77892734e-09
2.09720362e+00 3.78206899e-04 3.78206899e-09
2.08985520e+00 3.79475464e-04 3.79475464e-09
2.08253252e+00 3.79152364e-04 3.79152364e-09
2.07523551e+00 3.79492747e-04 3.79492747e-09
2.06796406e+00 3.80288859e-04 3.80288859e-09
2.06071809e+00 3.79656531e-04 3.79656531e-09
2.05349751e+00 3.80005065e-04 3.80005065e-09
2.04630223e+00 3.79445714e-04 3.79445714e-09
2.03913216e+00 3.78365016e-04 3.78365016e-09
2.03198721e+00 3.78477230e-04 3.78477230e-09
2.02486730e+00 3.76717874e-04 3.76717874e-09
2.01777234e+00 3.76457554e-04 3.76457554e-09
2.01070224e+00 3.76102503e-04 3.76102503e-09
2.00365691e+00 3.74952995e-04 3.74952995e-09
1.99663626e+00 3.73324981e-04 3.73324981e-09
1.98964022e+00 3.72353686e-04 3.72353686e-09
1.98266869e+00 3.72614746e-04 3.72614746e-09
1.97572159e+00 3.73019397e-04 3.73019397e-09
1.96879883e+00 3.73176804e-04 3.73176804e-09
1.96190033e+00 3.73148085e-04 3.73148085e-09
1.95502599e+00 3.71734141e-04 3.71734141e-09
1.94817575e+00 3.70410904e-04 3.70410904e-09
1.94134951e+00 3.69587010e-04 3.69587010e-09
1.93454718e+00 3.67276384e-04 3.67276384e-09
1.92776869e+00 3.63947567e-04 3.63947567e-09
1.92101396e+00 3.57261594e-04 3.57261594e-09
1.91428289e+00 3.52775679e-04 3.52775679e-09
1.90757540e+00 3.50575189e-04 3.50575189e-09
1.90089142e+00 3.51279336e-04 3.51279336e-09
1.89423086e+00 3.49332412e-04 3.49332412e-09
1.88759364e+00 3.51717875e-04 3.51717875e-09
1.88097967e+00 3.52278733e-04 3.52278733e-09
1.87438888e+00 3.50668889e-04 3.50668889e-09
1.86782118e+00 3.50502327e-04 3.50502327e-09
1.86127649e+00 3.53007275e-04 3.53007275e-09
1.85475474e+00 3.49947690e-04 3.49947690e-09
1.84825583e+00 3.48865978e-04 3.48865978e-09
1.84177970e+00 3.50365100e-04 3.50365100e-09
1.83532626e+00 3.48836615e-04 3.48836615e-09
1.82889544e+00 3.45018318e-04 3.45018318e-09
1.82248714e+00 3.48796452e-04 3.48796452e-09
1.81610130e+00 3.46224004e-04 3.46224004e-09
1.80973784e+00 3.48773272e-04 3.48773272e-09
1.80339667e+00 3.48633878e-04 3.48633878e-09
1.79707772e+00 3.47193425e-04 3.47193425e-09
1.79078091e+00 3.45934312e-04 3.45934312e-09
1.78450617e+00 3.46499781e-04 3.46499781e-09
1.77825341e+00 3.45762341e-04 3.45762341e-09
1.77202256e+00 3.45807047e-04 3.45807047e-09
1.76581355e+00 3.43874616e-04 3.43874616e-09
1.75962629e+00 3.44259563e-04 3.44259563e-09
1.75346071e+00 3.44176259e-04 3.44176259e-09
1.74731673e+00 3.43474297e-04 3.43474297e-09
1.74119428e+00 3.43954349e-04 3.43954349e-09
1.73509328e+00 3.44292242e-04 3.44292242e-09
1.72901367e+00 3.46061063e-04 3.46061063e-09
1.72295535e+00 3.45183384e-04 3.45183384e-09
1.71691826e+00 3.45799955e-04 3.45799955e-09
1.71090232e+00 3.45890176e-04 3.45890176e-09
1.70490747e+00 3.46253541e-04 3.46253541e-09
1.69893362e+00 3.46903576e-04 3.46903576e-09
1.69298070e+00 3.47048240e-04 3.47048240e-09
1.68704864e+00 3.47708467e-04 3.47708467e-09
1.68113736e+00 3.48658867e-04 3.48658867e-09
1.67524680e+00 3.48712564e-04 3.48712564e-09
1.66937688e+00 3.49017577e-04 3.49017577e-09
1.66352752e+00 3.49907266e-04 3.49907266e-09
1.65769867e+00 3.49631423e-04 3.49631423e-09
1.65189023e+00 3.49725713e-04 3.49725713e-09
1.64610215e+00 3.50528098e-04 3.50528098e-09
1.64033435e+00 3.49656964e-04 3.49656964e-09
1.63458675e+00 3.49773003e-04 3.49773003e-09
1.62885930e+00 3.49516382e-04 3.49516382e-09
1.62315192e+00 3.49031654e-04 3.49031654e-09
1.61746453e+00 3.49725217e-04 3.49725217e-09
1.61179707e+00 3.48424927e-04 3.48424927e-09
1.60614947e+00 3.49242743e-04 3.49242743e-09
1.60052166e+00 3.48236895e-04 3.48236895e-09
1.59491357e+00 3.48183311e-04 3.48183311e-09
1.58932513e+00 3.47697154e-04 3.47697154e-09
1.58375627e+00 3.47271123e-04 3.47271123e-09
1.57820692e+00 3.47328459e-04 3.47328459e-09
1.57267702e+00 3.44839650e-04 3.44839650e-09
1.56716649e+00 3.45757578e-04 3.45757578e-09
1.56167528e+00 3.44935397e-04 3.44935397e-09
1.55620330e+00 3.44774291e-04 3.44774291e-09
1.55075049e+00 3.44717207e-04 3.44717207e-09
1.54531680e+00 3.45531951e-04 3.45531951e-09
1.53990214e+00 3.45376061e-04 3.45376061e-09
1.53450645e+00 3.47273961e-04 3.47273961e-09
1.52912967e+00 3.47066111e-04 3.47066111e-09
1.52377173e+00 3.47070371e-04 3.47070371e-09
1.51843257e+00 3.48238200e-04 3.48238200e-09
1.51311211e+00 3.47943110e-04 3.47943110e-09
1.50781029e+00 3.47936359e-04 3.47936359e-09
1.50252705e+00 3.49050036e-04 3.49050036e-09
1.49726232e+00 3.48779691e-04 3.48779691e-09
1.49201605e+00 3.49238285e-04 3.49238285e-09
1.48678815e+00 3.50212322e-04 3.50212322e-09
1.48157857e+00 3.49399410e-04 3.49399410e-09
1.47638724e+00 3.50319938e-04 3.50319938e-09
1.47121411e+00 3.49428637e-04 3.49428637e-09
1.46605910e+00 3.47422098e-04 3.47422098e-09
1.46092215e+00 3.48595757e-04 3.48595757e-09
1.45580321e+00 3.47866749e-04 3.47866749e-09
1.45070220e+00 3.45937573e-04 3.45937573e-09
1.44561906e+00 3.47127386e-04 3.47127386e-09
1.44055373e+00 3.44264672e-04 3.44264672e-09
1.43550615e+00 3.44816256e-04 3.44816256e-09
1.43047626e+00 3.45318727e-04 3.45318727e-09
1.42546400e+00 3.44515174e-04 3.44515174e-09
1.42046929e+00 3.44670245e-04 3.44670245e-09
1.41549209e+00 3.43002255e-04 3.43002255e-09
1.41053232e+00 3.42978082e-04 3.42978082e-09
1.40558994e+00 3.43386352e-04 3.43386352e-09
1.40066487e+00 3.43407024e-04 3.43407024e-09
1.39575706e+00 3.42798103e-04 3.42798103e-09
1.39086645e+00 3.41312940e-04 3.41312940e-09
1.38599297e+00 3.40606664e-04 3.40606664e-09
1.38113657e+00 3.41318355e-04 3.41318355e-09
1.37629718e+00 3.40183613e-04 3.40183613e-09
1.37147476e+00 3.42423830e-04 3.42423830e-09
1.36666922e+00 3.43685678e-04 3.43685678e-09
1.36188053e+00 3.42237356e-04 3.42237356e-09
1.35710862e+00 3.40462361e-04 3.40462361e-09
1.35235343e+00 3.42416994e-04 3.42416994e-09
1.34761489e+00 3.38201834e-04 3.38201834e-09
1.34289297e+00 3.42150526e-04 3.42150526e-09
1.33818758e+00 3.39258487e-04 3.39258487e-09
1.33349869e+00 3.37351796e-04 3.37351796e-09
1.32882622e+00 3.28785345e-04 3.28785345e-09
1.32417013e+00 3.27408399e-04 3.27408399e-09
1.31953035e+00 3.26569398e-04 3.26569398e-09
1.31490683e+00 3.26238675e-04 3.26238675e-09
1.31029951e+00 3.26444345e-04 3.26444345e-09
1.30570833e+00 3.25900282e-04 3.25900282e-09
1.30113324e+00 3.25306196e-04 3.25306196e-09
1.29657418e+00 3.25735780e-04 3.25735780e-09
1.29203109e+00 3.25904911e-04 3.25904911e-09
1.28750392e+00 3.26043589e-04 3.26043589e-09
1.28299262e+00 3.25784273e-04 3.25784273e-09
1.27849712e+00 3.26321582e-04 3.26321582e-09
1.27401738e+00 3.26740790e-04 3.26740790e-09
1.26955333e+00 3.27233117e-04 3.27233117e-09
1.26510492e+00 3.27302416e-04 3.27302416e-09
1.26067210e+00 3.26929069e-04 3.26929069e-09
1.25625481e+00 3.27008111e-04 3.27008111e-09
1.25185300e+00 3.26349512e-04 3.26349512e-09
1.24746662e+00 3.26532462e-04 3.26532462e-09
1.24309560e+00 3.26363051e-04 3.26363051e-09
1.23873990e+00 3.27056302e-04 3.27056302e-09
1.23439946e+00 3.26710180e-04 3.26710180e-09
1.23007423e+00 3.26145131e-04 3.26145131e-09
1.22576416e+00 3.25290569e-04 3.25290569e-09
1.22146918e+00 3.24381601e-04 3.24381601e-09
1.21718926e+00 3.24554705e-04 3.24554705e-09
1.21292433e+00 3.24709902e-04 3.24709902e-09
1.20867435e+00 3.23955880e-04 3.23955880e-09
1.20443925e+00 3.23910620e-04 3.23910620e-09
1.20021900e+00 3.23771659e-04 3.23771659e-09
1.19601354e+00 3.24548883e-04 3.24548883e-09
1.19182281e+00 3.24922457e-04 3.24922457e-09
1.18764676e+00 3.23981626e-04 3.23981626e-09
1.18348535e+00 3.24428267e-04 3.24428267e-09
1.17933852e+00 3.25452092e-04 3.25452092e-09
1.17520621e+00 3.26871170e-04 3.26871170e-09
1.17108839e+00 3.25199241e-04 3.25199241e-09
1.16698500e+00 3.25256323e-04 3.25256323e-09
1.16289598e+00 3.24717622e-04 3.24717622e-09
1.15882129e+00 3.25383454e-04 3.25383454e-09
1.15476088e+00 3.25358245e-04 3.25358245e-09
1.15071470e+00 3.23677338e-04 3.23677338e-09
1.14668269e+00 3.23850507e-04 3.23850507e-09
1.14266481e+00 3.26146162e-04 3.26146162e-09
1.13866101e+00 3.23152076e-04 3.23152076e-09
1.13467124e+00 3.26847455e-04 3.26847455e-09
1.13069545e+00 3.23193584e-04 3.23193584e-09
1.12673359e+00 3.20234435e-04 3.20234435e-09
1.12278561e+00 3.21178817e-04 3.21178817e-09
1.11885147e+00 3.21074594e-04 3.21074594e-09
1.11493111e+00 3.21076458e-04 3.21076458e-09
1.11102448e+00 3.23047764e-04 3.23047764e-09
1.10713155e+00 3.19626978e-04 3.19626978e-09
1.10325225e+00 3.18701941e-04 3.18701941e-09
1.09938655e+00 3.18899268e-04 3.18899268e-09
1.09553439e+00 3.17306720e-04 3.17306720e-09
1.09169573e+00 3.16840493e-04 3.16840493e-09
1.08787053e+00 3.12655774e-04 3.12655774e-09
1.08405872e+00 3.10567946e-04 3.10567946e-09
1.08026027e+00 3.09679381e-04 3.09679381e-09
1.07647513e+00 3.10634110e-04 3.10634110e-09
1.07270325e+00 3.09791838e-04 3.09791838e-09
1.06894459e+00 3.09075522e-04 3.09075522e-09
1.06519910e+00 3.09257625e-04 3.09257625e-09
1.06146673e+00 3.09459029e-04 3.09459029e-09
1.05774745e+00 3.10434022e-04 3.10434022e-09
1.05404119e+00 3.10169371e-04 3.10169371e-09
1.05034792e+00 3.09613182e-04 3.09613182e-09
1.04666759e+00 3.10327224e-04 3.10327224e-09
1.04300015e+00 3.10801103e-04 3.10801103e-09
1.03934557e+00 3.11773662e-04 3.11773662e-09
1.03570379e+00 3.10707210e-04 3.10707210e-09
1.03207477e+00 3.12234966e-04 3.12234966e-09
1.02845847e+00 3.12594214e-04 3.12594214e-09
1.02485484e+00 3.13992849e-04 3.13992849e-09
1.02126384e+00 3.14479412e-04 3.14479412e-09
1.01768541e+00 3.12911849e-04 3.12911849e-09
1.01411953e+00 3.12764809e-04 3.12764809e-09
1.01056614e+00 3.12436203e-04 3.12436203e-09
1.00702521e+00 3.13103888e-04 3.13103888e-09
1.00349667e+00 3.13547866e-04 3.13547866e-09
9.99980508e-01 3.14328931e-04 3.14328931e-09
9.96476661e-01 3.14068063e-04 3.14068063e-09
9.92985092e-01 3.14563746e-04 3.14563746e-09
9.89505757e-01 3.14811406e-04 3.14811406e-09
9.86038613e-01 3.15847648e-04 3.15847648e-09
9.82583617e-01 3.17122359e-04 3.17122359e-09
9.79140728e-01 3.16171950e-04 3.16171950e-09
9.75709902e-01 3.15236827e-04 3.15236827e-09
9.72291098e-01 3.16045944e-04 3.16045944e-09
9.68884273e-01 3.14145197e-04 3.14145197e-09
9.65489385e-01 3.14374086e-04 3.14374086e-09
9.62106392e-01 3.12573873e-04 3.12573873e-09
9.58735253e-01 3.13095109e-04 3.13095109e-09
9.55375926e-01 3.12650458e-04 3.12650458e-09
9.52028370e-01 3.12698985e-04 3.12698985e-09
9.48692544e-01 3.12757104e-04 3.12757104e-09
9.45368406e-01 3.12288281e-04 3.12288281e-09
9.42055916e-01 3.14149021e-04 3.14149021e-09
9.38755032e-01 3.13116557e-04 3.13116557e-09
9.35465714e-01 3.13939699e-04 3.13939699e-09
9.32187922e-01 3.14838190e-04 3.14838190e-09
9.28921615e-01 3.16104346e-04 3.16104346e-09
9.25666753e-01 3.07012253e-04 3.07012253e-09
9.22423295e-01 3.02912783e-04 3.02912783e-09
9.19191202e-01 3.05197206e-04 3.05197206e-09
9.15970435e-01 3.03377015e-04 3.03377015e-09
9.12760952e-01 3.02475770e-04 3.02475770e-09
9.09562716e-01 3.00709481e-04 3.00709481e-09
9.06375685e-01 3.01124995e-04 3.01124995e-09
9.03199822e-01 3.01098003e-04 3.01098003e-09
9.00035087e-01 3.02415157e-04 3.02415157e-09
8.96881440e-01 3.02272660e-04 3.02272660e-09
8.93738844e-01 3.03301455e-04 3.03301455e-09
8.90607259e-01 3.01689142e-04 3.01689142e-09
8.87486647e-01 3.00301674e-04 3.00301674e-09
8.84376970e-01 2.99391137e-04 2.99391137e-09
8.81278188e-01 2.99458781e-04 2.99458781e-09
8.78190264e-01 2.99504467e-04 2.99504467e-09
8.75113160e-01 2.99436489e-04 2.99436489e-09
8.72046838e-01 2.99667491e-04 2.99667491e-09
8.68991260e-01 2.99997822e-04 2.99997822e-09
8.65946389e-01 3.00120321e-04 3.00120321e-09
8.62912187e-01 2.99839104e-04 2.99839104e-09
8.59888616e-01 3.00500870e-04 3.00500870e-09
8.56875639e-01 3.00572606e-04 3.00572606e-09
8.53873220e-01 3.00603007e-04 3.00603007e-09
8.50881321e-01 3.00764604e-04 3.00764604e-09
8.47899905e-01 3.01399204e-04 3.01399204e-09
8.44928936e-01 3.01202324e-04 3.01202324e-09
8.41968377e-01 3.01267392e-04 3.01267392e-09
8.39018191e-01 3.00190679e-04 3.00190679e-09
8.36078343e-01 3.00818803e-04 3.00818803e-09
8.33148796e-01 3.00302504e-04 3.00302504e-09
8.30229513e-01 3.00338856e-04 3.00338856e-09
8.27320460e-01 3.00114526e-04 3.00114526e-09
8.24421599e-01 3.00556704e-04 3.00556704e-09
8.21532896e-01 2.99883140e-04 2.99883140e-09
8.18654315e-01 3.00441998e-04 3.00441998e-09
8.15785820e-01 2.99546611e-04 2.99546611e-09
8.12927376e-01 3.01134932e-04 3.01134932e-09
8.10078947e-01 3.00547131e-04 3.00547131e-09
8.07240500e-01 2.98216753e-04 2.98216753e-09
8.04411998e-01 2.97520552e-04 2.97520552e-09
8.01593407e-01 2.97388236e-04 2.97388236e-09
7.98784691e-01 2.97455751e-04 2.97455751e-09
7.95985818e-01 2.97160125e-04 2.97160125e-09
7.93196751e-01 2.97538408e-04 2.97538408e-09
7.90417457e-01 2.98043993e-04 2.98043993e-09
7.87647902e-01 2.97482490e-04 2.97482490e-09
7.84888051e-01 2.97516171e-04 2.97516171e-09
7.82137870e-01 2.97719573e-04 2.97719573e-09
7.79397325e-01 2.97592535e-04 2.97592535e-09
7.76666383e-01 2.97622983e-04 2.97622983e-09
7.73945011e-01 2.98032614e-04 2.98032614e-09
7.71233173e-01 2.97676679e-04 2.97676679e-09
7.68530838e-01 2.97934249e-04 2.97934249e-09
7.65837971e-01 2.98357828e-04 2.98357828e-09
7.63154540e-01 2.98613974e-04 2.98613974e-09
7.60480511e-01 2.98921094e-04 2.98921094e-09
7.57815853e-01 2.99355726e-04 2.99355726e-09
7.55160530e-01 2.99344189e-04 2.99344189e-09
7.52514512e-01 2.99779204e-04 2.99779204e-09
7.49877765e-01 2.99566134e-04 2.99566134e-09
7.47250257e-01 2.99488396e-04 2.99488396e-09
7.44631956e-01 2.99113934e-04 2.99113934e-09
7.42022829e-01 2.98790726e-04 2.98790726e-09
7.39422844e-01 2.99044943e-04 2.99044943e-09
7.36831970e-01 2.99301039e-04 2.99301039e-09
7.34250173e-01 2.99117423e-04 2.99117423e-09
7.31677423e-01 2.99699671e-04 2.99699671e-09
7.29113688e-01 2.99368391e-04 2.99368391e-09
7.26558935e-01 2.99639139e-04 2.99639139e-09
7.24013135e-01 2.99872409e-04 2.99872409e-09
7.21476254e-01 3.00217209e-04 3.00217209e-09
7.18948263e-01 2.99716718e-04 2.99716718e-09
7.16429129e-01 3.01134394e-04 3.01134394e-09
7.13918823e-01 2.98488777e-04 2.98488777e-09
7.11417312e-01 2.98527252e-04 2.98527252e-09
7.08924566e-01 2.98720247e-04 2.98720247e-09
7.06440555e-01 2.98548315e-04 2.98548315e-09
7.03965247e-01 2.98620158e-04 2.98620158e-09
7.01498613e-01 2.98450847e-04 2.98450847e-09
6.99040622e-01 2.98490861e-04 2.98490861e-09
6.96591243e-01 2.98755444e-04 2.98755444e-09
6.94150446e-01 2.99157344e-04 2.99157344e-09
6.91718202e-01 2.99249271e-04 2.99249271e-09
6.89294480e-01 2.98768337e-04 2.98768337e-09
6.86879251e-01 2.98904807e-04 2.98904807e-09
6.84472485e-01 2.98962689e-04 2.98962689e-09
6.82074152e-01 2.99069327e-04 2.99069327e-09
6.79684222e-01 2.99186265e-04 2.99186265e-09
6.77302666e-01 2.99276984e-04 2.99276984e-09
6.74929455e-01 2.99400611e-04 2.99400611e-09
6.72564560e-01 2.99464452e-04 2.99464452e-09
6.70207951e-01 2.99584665e-04 2.99584665e-09
6.67859599e-01 2.99669617e-04 2.99669617e-09
6.65519476e-01 2.99789091e-04 2.99789091e-09
6.63187553e-01 2.99898946e-04 2.99898946e-09
6.60863800e-01 3.00043846e-04 3.00043846e-09
6.58548189e-01 3.00221053e-04 3.00221053e-09
6.56240692e-01 3.00268396e-04 3.00268396e-09
6.53941281e-01 3.00361914e-04 3.00361914e-09
6.51649926e-01 3.00561326e-04 3.00561326e-09
6.49366600e-01 3.00647857e-04 3.00647857e-09
6.47091275e-01 3.00809339e-04 3.00809339e-09
6.44823922e-01 3.00767617e-04 3.00767617e-09
6.42564514e-01 3.00815478e-04 3.00815478e-09
6.40313023e-01 3.00909414e-04 3.00909414e-09
6.38069421e-01 3.01044621e-04 3.01044621e-09
6.35833680e-01 3.01144056e-04 3.01144056e-09
6.33605773e-01 3.01275957e-04 3.01275957e-09
6.31385672e-01 3.01379855e-04 3.01379855e-09
6.29173350e-01 3.01521997e-04 3.01521997e-09
6.26968780e-01 3.01654150e-04 3.01654150e-09
6.24771935e-01 3.01784676e-04 3.01784676e-09
6.22582787e-01 3.01885605e-04 3.01885605e-09
6.20401310e-01 3.02019093e-04 3.02019093e-09
6.18227477e-01 3.02118377e-04 3.02118377e-09
6.16061261e-01 3.02248943e-04 3.02248943e-09
6.13902634e-01 3.02347318e-04 3.02347318e-09
6.11751572e-01 3.02452719e-04 3.02452719e-09
6.09608046e-01 3.02599942e-04 3.02599942e-09
6.07472032e-01 3.02726866e-04 3.02726866e-09
6.05343501e-01 3.02825217e-04 3.02825217e-09
6.03222429e-01 3.02934533e-04 3.02934533e-09
6.01108789e-01 3.03100258e-04 3.03100258e-09
5.99002555e-01 3.03250441e-04 3.03250441e-09
5.96903701e-01 3.03366033e-04 3.03366033e-09
5.94812201e-01 3.03507094e-04 3.03507094e-09
5.92728030e-01 3.03582758e-04 3.03582758e-09
5.90651162e-01 3.03787122e-04 3.03787122e-09
5.88581570e-01 3.03871074e-04 3.03871074e-09
5.86519230e-01 3.03902158e-04 3.03902158e-09
5.84464117e-01 3.03983570e-04 3.03983570e-09
5.82416204e-01 3.04113208e-04 3.04113208e-09
5.80375468e-01 3.04248578e-04 3.04248578e-09
5.78341881e-01 3.04351690e-04 3.04351690e-09
5.76315421e-01 3.04478592e-04 3.04478592e-09
5.74296061e-01 3.04605297e-04 3.04605297e-09
5.72283776e-01 3.04739842e-04 3.04739842e-09
5.70278542e-01 3.04859954e-04 3.04859954e-09
5.68280335e-01 3.04997576e-04 3.04997576e-09
5.66289129e-01 3.05106967e-04 3.05106967e-09
5.64304900e-01 3.05236745e-04 3.05236745e-09
5.62327624e-01 3.05364261e-04 3.05364261e-09
5.60357276e-01 3.05496261e-04 3.05496261e-09
5.58393831e-01 3.05627934e-04 3.05627934e-09
5.56437267e-01 3.05752985e-04 3.05752985e-09
5.54487558e-01 3.05887819e-04 3.05887819e-09
5.52544681e-01 3.06015066e-04 3.06015066e-09
5.50608611e-01 3.06146456e-04 3.06146456e-09
5.48679326e-01 3.06277312e-04 3.06277312e-09
5.46756800e-01 3.06410975e-04 3.06410975e-09
5.44841011e-01 3.06535022e-04 3.06535022e-09
5.42931934e-01 3.06671582e-04 3.06671582e-09
5.41029547e-01 3.06801174e-04 3.06801174e-09
5.39133825e-01 3.06924773e-04 3.06924773e-09
5.37244746e-01 3.07058800e-04 3.07058800e-09
5.35362287e-01 3.07188637e-04 3.07188637e-09
5.33486423e-01 3.07318981e-04 3.07318981e-09
5.31617132e-01 3.07454616e-04 3.07454616e-09
5.29754391e-01 3.07583507e-04 3.07583507e-09
5.27898176e-01 3.07717422e-04 3.07717422e-09
5.26048466e-01 3.07847513e-04 3.07847513e-09
5.24205237e-01 3.07977680e-04 3.07977680e-09
5.22368466e-01 3.08112105e-04 3.08112105e-09
5.20538132e-01 3.08243527e-04 3.08243527e-09
5.18714210e-01 3.08376975e-04 3.08376975e-09
5.16896680e-01 3.08514198e-04 3.08514198e-09
5.15085518e-01 3.08646924e-04 3.08646924e-09
5.13280702e-01 3.08780693e-04 3.08780693e-09
5.11482210e-01 3.08915273e-04 3.08915273e-09
5.09690020e-01 3.09047698e-04 3.09047698e-09
5.07904110e-01 3.09181318e-04 3.09181318e-09
5.06124457e-01 3.09317877e-04 3.09317877e-09
5.04351040e-01 3.09455974e-04 3.09455974e-09
5.02583837e-01 3.09586584e-04 3.09586584e-09
5.00822826e-01 3.09714050e-04 3.09714050e-09
4.99067985e-01 3.09848965e-04 3.09848965e-09
4.97319294e-01 3.09980681e-04 3.09980681e-09
4.95576729e-01 3.10115381e-04 3.10115381e-09
4.93840270e-01 3.10250344e-04 3.10250344e-09
4.92109896e-01 3.10384563e-04 3.10384563e-09
4.90385585e-01 3.10519021e-04 3.10519021e-09
4.88667316e-01 3.10653652e-04 3.10653652e-09
4.86955067e-01 3.10789869e-04 3.10789869e-09
4.85248818e-01 3.10925207e-04 3.10925207e-09
4.83548547e-01 3.11060119e-04 3.11060119e-09
4.81854234e-01 3.11197003e-04 3.11197003e-09
4.80165858e-01 3.11332553e-04 3.11332553e-09
4.78483398e-01 3.11468436e-04 3.11468436e-09
4.76806833e-01 3.11605430e-04 3.11605430e-09
4.75136142e-01 3.11740711e-04 3.11740711e-09
4.73471306e-01 3.11877364e-04 3.11877364e-09
4.71812302e-01 3.12013621e-04 3.12013621e-09
4.70159112e-01 3.12149804e-04 3.12149804e-09
4.68511715e-01 3.12286072e-04 3.12286072e-09
4.66870090e-01 3.12422895e-04 3.12422895e-09
4.65234217e-01 3.12558904e-04 3.12558904e-09
4.63604075e-01 3.12695148e-04 3.12695148e-09
4.61979646e-01 3.12832623e-04 3.12832623e-09
4.60360909e-01 3.12969108e-04 3.12969108e-09
4.58747843e-01 3.13105922e-04 3.13105922e-09
4.57140430e-01 3.13244022e-04 3.13244022e-09
4.55538649e-01 3.13381394e-04 3.13381394e-09
4.53942480e-01 3.13518156e-04 3.13518156e-09
4.52351904e-01 3.13655275e-04 3.13655275e-09
4.50766902e-01 3.13792457e-04 3.13792457e-09
4.49187453e-01 3.13931258e-04 3.13931258e-09
4.47613538e-01 3.14068550e-04 3.14068550e-09
4.46045139e-01 3.14205930e-04 3.14205930e-09
4.44482234e-01 3.14344683e-04 3.14344683e-09
4.42924807e-01 3.14482647e-04 3.14482647e-09
4.41372836e-01 3.14619254e-04 3.14619254e-09
4.39826303e-01 3.14758353e-04 3.14758353e-09
4.38285189e-01 3.14895796e-04 3.14895796e-09
4.36749475e-01 3.15033655e-04 3.15033655e-09
4.35219142e-01 3.15172835e-04 3.15172835e-09
4.33694171e-01 3.15310918e-04 3.15310918e-09
4.32174544e-01 3.15449076e-04 3.15449076e-09
4.30660241e-01 3.15588676e-04 3.15588676e-09
4.29151244e-01 3.15726991e-04 3.15726991e-09
4.27647535e-01 3.15865468e-04 3.15865468e-09
4.26149094e-01 3.16005293e-04 3.16005293e-09
4.24655904e-01 3.16143898e-04 3.16143898e-09
4.23167946e-01 3.16282558e-04 3.16282558e-09
4.21685201e-01 3.16422504e-04 3.16422504e-09
4.20207652e-01 3.16561330e-04 3.16561330e-09
4.18735280e-01 3.16700116e-04 3.16700116e-09
4.17268068e-01 3.16839009e-04 3.16839009e-09
4.15805996e-01 3.16977986e-04 3.16977986e-09
4.14349047e-01 3.17118383e-04 3.17118383e-09
4.12897203e-01 3.17257574e-04 3.17257574e-09
4.11450447e-01 3.17396813e-04 3.17396813e-09
4.10008759e-01 3.17537474e-04 3.17537474e-09
4.08572123e-01 3.17676892e-04 3.17676892e-09
4.07140522e-01 3.17816389e-04 3.17816389e-09
4.05713936e-01 3.17957266e-04 3.17957266e-09
4.04292349e-01 3.18096887e-04 3.18096887e-09
4.02875743e-01 3.18236593e-04 3.18236593e-09
4.01464100e-01 3.18377684e-04 3.18377684e-09
4.00057404e-01 3.18517562e-04 3.18517562e-09
3.98655637e-01 3.18657435e-04 3.18657435e-09
3.97258782e-01 3.18798726e-04 3.18798726e-09
3.95866821e-01 3.18938690e-04 3.18938690e-09
3.94479737e-01 3.19078808e-04 3.19078808e-09
3.93097514e-01 3.19220305e-04 3.19220305e-09
3.91720134e-01 3.19360542e-04 3.19360542e-09
3.90347580e-01 3.19500871e-04 3.19500871e-09
3.88979835e-01 3.19642602e-04 3.19642602e-09
3.87616883e-01 3.19783069e-04 3.19783069e-09
3.86258706e-01 3.19923593e-04 3.19923593e-09
3.84905289e-01 3.20065537e-04 3.20065537e-09
3.83556613e-01 3.20206202e-04 3.20206202e-09
3.82212663e-01 3.20346914e-04 3.20346914e-09
3.80873423e-01 3.20487705e-04 3.20487705e-09
3.79538875e-01 3.20628564e-04 3.20628564e-09
3.78209003e-01 3.20770817e-04 3.20770817e-09
3.76883791e-01 3.20911806e-04 3.20911806e-09
3.75563222e-01 3.21052854e-04 3.21052854e-09
3.74247280e-01 3.21195317e-04 3.21195317e-09
3.72935950e-01 3.21336496e-04 3.21336496e-09
3.71629214e-01 3.21477740e-04 3.21477740e-09
3.70327057e-01 3.21620394e-04 3.21620394e-09
3.69029462e-01 3.21761759e-04 3.21761759e-09
3.67736415e-01 3.21903198e-04 3.21903198e-09
3.66447897e-01 3.22046042e-04 3.22046042e-09
3.65163895e-01 3.22187603e-04 3.22187603e-09
3.63884392e-01 3.22329212e-04 3.22329212e-09
3.62609372e-01 3.22472236e-04 3.22472236e-09
3.61338820e-01 3.22613973e-04 3.22613973e-09
3.60072719e-01 3.22755766e-04 3.22755766e-09
3.58811055e-01 3.22898976e-04 3.22898976e-09
3.57553812e-01 3.23040888e-04 3.23040888e-09
3.56300974e-01 3.23182864e-04 3.23182864e-09
3.55052525e-01 3.23326255e-04 3.23326255e-09
3.53808451e-01 3.23468348e-04 3.23468348e-09
3.52568737e-01 3.23610500e-04 3.23610500e-09
3.51333366e-01 3.23752711e-04 3.23752711e-09
3.50102324e-01 3.23894980e-04 3.23894980e-09
3.48875595e-01 3.24038664e-04 3.24038664e-09
3.47653165e-01 3.24181050e-04 3.24181050e-09
3.46435017e-01 3.24323493e-04 3.24323493e-09
3.45221139e-01 3.24467350e-04 3.24467350e-09
3.44011513e-01 3.24609907e-04 3.24609907e-09
3.42806126e-01 3.24752521e-04 3.24752521e-09
3.41604963e-01 3.24896551e-04 3.24896551e-09
3.40408008e-01 3.25039278e-04 3.25039278e-09
3.39215247e-01 3.25182061e-04 3.25182061e-09
3.38026666e-01 3.25326260e-04 3.25326260e-09
3.36842249e-01 3.25469154e-04 3.25469154e-09
3.35661983e-01 3.25612106e-04 3.25612106e-09
3.34485852e-01 3.25756471e-04 3.25756471e-09
3.33313842e-01 3.25899531e-04 3.25899531e-09
3.32145938e-01 3.26042645e-04 3.26042645e-09
3.30982127e-01 3.26187180e-04 3.26187180e-09
3.29822394e-01 3.26330405e-04 3.26330405e-09
3.28666724e-01 3.26473685e-04 3.26473685e-09
3.27515104e-01 3.26618386e-04 3.26618386e-09
3.26367519e-01 3.26761776e-04 3.26761776e-09
3.25223955e-01 3.26905220e-04 3.26905220e-09
3.24084398e-01 3.27048719e-04 3.27048719e-09
3.22948834e-01 3.27192273e-04 3.27192273e-09
3.21817249e-01 3.27337248e-04 3.27337248e-09
3.20689629e-01 3.27480911e-04 3.27480911e-09
3.19565959e-01 3.27624627e-04 3.27624627e-09
3.18446227e-01 3.27769768e-04 3.27769768e-09
3.17330419e-01 3.27913593e-04 3.27913593e-09
3.16218520e-01 3.28057473e-04 3.28057473e-09
3.15110517e-01 3.28202778e-04 3.28202778e-09
3.14006397e-01 3.28346767e-04 3.28346767e-09
3.12906145e-01 3.28490810e-04 3.28490810e-09
3.11809749e-01 3.28636280e-04 3.28636280e-09
3.10717194e-01 3.28780433e-04 3.28780433e-09
3.09628467e-01 3.28924640e-04 3.28924640e-09
3.08543556e-01 3.29070277e-04 3.29070277e-09
3.07462445e-01 3.29214594e-04 3.29214594e-09
3.06385123e-01 3.29358967e-04 3.29358967e-09
3.05311576e-01 3.29504771e-04 3.29504771e-09
3.04241790e-01 3.29649254e-04 3.29649254e-09
3.03175752e-01 3.29793794e-04 3.29793794e-09
3.02113450e-01 3.29939766e-04 3.29939766e-09
3.01054871e-01 3.30084417e-04 3.30084417e-09
3.00000000e-01 3.30193287e-04 3.30193287e-09
